1.13334
1.62406
1.0824
1.36414
1.37344
0.754561
1.23699
1.41363
1.44461
0.859831
1.37024
1.24266
0.827194
1.05349
1.04988
1.47896
1.41763
0.956704
1.12326
1.32635
1.52231
1.39529
1.32071
1.31353
0.85345
1.15889
1.14876
1.02286
1.60235
1.19525
1.47869
1.57787
1.12635
1.28483
1.44318
0.721393
1.15746
1.21238
1.03814
1.20994
1.02599
1.09296
1.41553
1.01971
1.72753
1.33127
1.02293
0.973095
1.34156
1.62049
1.34155
1.482
1.11063
1.22481
1.21104
1.81541
1.1858
1.14156
1.57689
1.08413
1.16281
1.16705
1.46671
1.09046
1.08161
1.24433
1.26034
1.24965
1.1541
1.3374
1.37652
1.40506
1.13395
1.32699
1.48198
1.13619
1.1106
1.10904
1.05201
1.11325
1.14463
1.43062
1.26211
1.46369
1.36438
1.50098
1.09825
1.31616
1.27425
1.406
1.32575
1.082
1.61826
1.42625
0.610763
1.51977
1.27039
0.874453
1.49773
1.30285
1.62077
1.63597
1.24288
1.1509
1.24877
1.46358
1.53698
1.28878
1.14149
1.11006
1.15034
1.14263
0.558615
1.44099
1.15649
1.04246
1.47528
1.64381
1.32191
1.20646
1.30696
1.0273
0.813897
1.19764
1.15179
0.894607
1.29856
1.38412
1.58211
1.5499
0.881697
1.11165
1.12294
1.29876
1.34896
0.930268
1.02619
1.36112
1.16385
1.47463
0.800408
1.2872
1.58354
1.37005
1.06717
1.10357
1.17048
1.95185
1.54212
1.00156
1.26774
0.98692
0.96462
1.62426
1.42822
1.30091
1.20828
1.56829
0.954554
1.60084
1.23688
1.42482
0.996709
1.46779
1.25241
1.53896
1.24249
1.20562
1.59772
1.4041
1.12713
1.09135
0.884914
1.10516
1.23071
1.01361
1.09879
1.39182
0.834056
0.92353
1.36911
1.42595
1.23554
1.5329
1.29169
1.1041
1.1492
1.73965
1.58742
1.17187
1.86687
1.22292
1.25282
1.259
1.56708
0.764773
1.33709
1.4457
1.21408
1.29183
1.5464
1.12388
1.2424
1.26073
1.3691
1.0392
1.24156
1.17989
1.31876
1.07301
1.24401
0.773205
1.2195
1.28619
1.46089
0.692923
0.905665
1.6128
1.02257
1.43089
0.840213
1.18784
1.36534
1.26179
1.25636
0.97196
1.16694
1.27091
1.41339
0.927663
1.66501
1.08591
1.2419
1.53149
1.3415
1.122
1.23949
1.17554
1.51506
1.1394
1.02201
1.10917
1.25066
1.02516
1.3939
1.13037
1.17902
1.34443
0.980875
1.2272
1.01419
1.03443
1.48513
0.78658
1.6228
1.21785
1.24162
1.15435
1.2105
1.17795
1.65511
1.42636
1.40688
1.27306
1.37524
1.30969
1.20063
1.27061
0.976677
1.11154
0.970357
1.17318
0.86378
1.3753
1.49087
0.933864
1.09421
1.21983
1.1155
1.1993
0.97562
1.13261
0.919243
1.13728
1.31305
1.15179
1.38931
1.12494
1.476
1.45815
1.03458
1.46101
1.41729
1.24414
1.21866
1.44381
1.1608
1.51175
1.68821
1.24812
1.15953
1.36806
1.72577
0.850391
1.2991
1.33567
1.19471
1.33282
1.41886
1.27966
1.15532
1.58718
1.39125
1.80493
1.54082
1.3084
1.15301
1.42522
1.3822
1.7258
1.21958
1.5965
1.39857
1.50667
1.33886
1.35206
1.43373
1.04247
1.73725
1.26805
1.00277
1.18578
1.19264
1.82489
1.54853
1.40143
0.969855
0.853214
1.2805
1.37746
1.42172
1.31796
1.42801
1.47834
1.54496
1.44082
1.5022
0.929123
1.17374
1.67677
0.791151
1.48959
1.2494
1.7554
0.953105
1.14409
1.41685
1.58171
1.42445
1.43038
1.82999
1.40921
1.31205
0.920194
1.40857
1.79739
1.47382
1.18171
1.21645
0.992646
1.15536
1.18082
1.76858
1.07302
1.35368
1.35709
1.50893
1.29121
1.38243
1.12455
1.39474
1.02737
1.61151
1.205
1.63242
0.960183
1.76095
1.56717
1.45316
1.25464
1.61971
1.34411
1.02785
1.25801
1.42169
1.28728
1.33552
1.62982
1.35787
1.41757
1.51487
1.49356
1.53824
1.13302
1.26617
1.12386
1.51556
1.13202
1.46769
1.53228
1.37008
1.06098
1.07434
1.1621
1.33464
0.853416
1.21919
1.32887
1.18824
1.57501
1.09935
1.32924
0.753674
1.38068
1.43613
1.1964
1.16965
1.29971
1.77866
1.35223
1.15621
1.13509
0.977754
1.29703
1.10388
0.891585
1.15335
1.41143
1.26257
1.13852
1.44702
1.23197
1.00833
1.08616
1.1996
1.4368
1.34666
1.23533
1.30412
1.42512
1.21518
1.0661
0.979586
1.39494
1.1273
1.73888
1.02497
1.19238
1.47689
1.10149
1.40931
1.24145
0.793481
1.36101
1.10824
1.18616
1.3365
1.76679
1.24191
1.47172
1.02597
1.28955
0.728618
0.981601
1.44907
1.04119
1.22793
1.27161
1.10316
1.35321
1.29712
1.35068
1.27153
1.36388
1.50327
0.990592
1.4133
1.11181
1.36663
1.59797
0.916229
1.09592
0.968032
1.27068
0.934533
1.10268
1.37617
1.35904
1.09636
1.58863
1.26485
1.51107
1.52794
1.18098
1.0916
1.4286
1.03276
1.48634
1.42227
1.01362
1.12543
1.67453
1.52884
1.20083
1.22827
1.63562
1.59154
1.29459
1.16684
1.40496
1.24421
1.37131
1.34091
1.23808
1.47271
1.38184
1.33324
1.40325
1.62877
1.47483
1.9166
1.463
1.63101
1.44005
1.02105
1.46722
1.49949
1.36859
1.45556
1.09331
1.05967
1.06428
1.70953
1.27453
0.968789
1.43355
1.49163
1.18682
1.3684
1.26979
1.73252
0.976881
1.19517
1.126
1.46559
0.880088
1.39817
1.16943
1.37232
0.894419
1.33376
1.12857
1.68391
1.25093
1.23318
1.40722
1.27208
1.41577
0.917028
1.63837
1.48778
1.29129
1.45746
1.2863
1.49719
1.24508
1.32251
1.27802
0.852996
1.14963
1.2594
1.26148
1.1758
1.0225
1.20735
0.698461
0.998606
1.11215
1.15881
1.56015
1.13384
0.766156
1.32984
1.50574
1.37479
1.15737
1.28693
0.803461
1.21237
0.974946
1.15362
1.39455
1.01727
1.40168
1.46254
1.11672
0.95188
1.30555
0.973492
1.31451
1.24281
0.86667
1.13292
1.11667
1.32779
1.32938
0.999072
1.66247
1.32212
1.11815
1.07807
1.58878
1.3391
1.59912
1.47008
1.13722
1.15222
0.961041
1.69468
1.29869
1.1181
1.58252
0.741021
0.869472
1.12382
1.46956
1.08147
1.12234
1.08984
1.18255
1.09372
1.01699
1.17901
1.43832
1.05092
1.31368
1.21832
1.25121
1.03105
1.16091
1.14825
1.05196
0.849737
1.28733
1.40037
1.37584
1.33435
1.31178
1.37124
0.88997
1.37263
1.09176
1.349
1.34638
1.26666
1.54249
1.23778
0.92475
1.25823
1.2459
1.05128
1.16869
1.24652
1.18563
1.13428
0.935173
1.19023
1.16311
1.17322
1.2293
1.46315
1.22412
1.00333
1.15017
1.13863
1.02515
0.749384
1.18873
1.0685
0.952818
1.16846
0.804426
1.24252
0.868986
1.25255
1.15026
0.841716
0.977331
1.24819
1.38938
1.35403
1.097
0.8356
1.29693
1.14089
0.789212
1.18176
1.01474
1.00882
1.35319
1.48703
1.06433
1.22617
1.15405
1.23778
1.16666
1.31041
1.1666
0.692087
1.33435
1.14689
1.25432
1.12034
0.99348
1.45696
0.994158
1.08093
0.793864
1.19799
1.20226
1.42444
0.778739
1.13014
0.848063
1.09476
1.30903
0.937195
1.58351
0.751555
1.01223
0.912305
0.941194
0.954483
1.19336
1.19323
1.1716
1.27081
1.11525
0.888019
1.07399
0.975476
0.853115
0.905998
1.54486
0.794309
1.07606
1.0931
1.12702
1.31247
1.2752
0.842838
1.47199
1.24685
1.45942
1.67969
1.64238
1.18607
0.90273
1.34963
1.35687
1.32667
1.33688
1.54938
0.905631
1.05465
1.63575
1.33811
1.57974
1.54351
1.51119
1.31216
1.34182
1.20666
1.20058
1.27038
1.01877
0.759997
1.77507
1.31396
1.62989
1.30474
1.24878
1.31844
1.2987
1.62563
1.57938
1.3831
1.21888
1.54388
1.25876
1.35259
1.57762
1.4286
1.15077
1.35404
1.36576
1.58023
1.79175
1.52828
1.19709
1.28432
1.48306
1.28734
1.45161
1.44499
1.4749
1.25022
0.909681
1.60112
1.47209
1.37005
1.39197
1.10955
1.08082
1.10606
1.22808
1.558
1.25561
1.6347
1.23503
1.36156
0.838021
1.07933
1.37683
1.44986
1.0593
1.55888
1.33145
1.63121
1.51828
1.23871
1.35009
0.940133
1.19884
1.39141
1.43243
1.54708
0.897712
1.45442
1.55907
1.60485
1.21143
0.571199
1.17819
1.21803
1.56235
1.25422
1.34206
0.897319
1.50136
1.37695
1.11741
1.19989
1.38677
1.24892
0.812553
1.2198
1.24324
1.3938
0.911753
1.4642
1.29881
1.30923
1.63007
1.4163
1.40287
1.47055
1.15782
1.30269
1.18164
1.38281
1.73304
1.3036
1.52781
1.34465
1.47043
0.964785
1.62274
1.45638
1.48402
1.73131
1.43131
1.05281
1.19793
1.58282
1.22798
1.41667
1.43869
1.49731
1.20842
1.05987
1.48985
1.14963
1.42633
1.2951
1.21197
1.56359
1.2829
1.54568
1.10526
1.38406
1.53556
1.50706
1.66085
1.00167
1.17951
1.41493
1.35484
1.41004
1.33547
1.4736
1.19914
1.44156
1.15048
1.53394
1.30953
1.04204
1.6394
1.53477
0.90037
1.25143
1.52991
1.23165
1.11788
1.44416
1.04216
1.29537
1.74525
1.39682
1.16083
1.29426
1.58076
1.74503
1.41356
1.43347
1.38432
1.57135
1.00488
1.07988
1.14381
1.73256
1.26804
1.30145
1.22619
1.54474
1.26831
1.00375
1.48174
1.28487
1.10559
0.860383
1.08412
1.33341
1.71757
1.34404
1.42506
1.28076
1.33932
1.42703
1.42087
1.10706
1.15758
1.14395
1.2262
1.1003
1.04246
1.00544
1.29183
1.18227
1.6672
1.04352
1.17269
1.35909
1.30539
1.59492
1.13545
1.33201
0.879705
1.20011
1.49429
1.65288
1.275
1.35181
1.33873
1.45795
1.01362
1.31301
1.06102
1.06051
1.11803
1.55091
1.49557
1.27662
1.46791
1.60552
1.24906
1.33425
1.22746
1.22323
1.41994
1.22007
1.24473
0.873589
1.17872
1.54014
1.12479
1.3484
1.01244
1.45263
1.57533
1.05471
1.19259
1.43157
1.29016
1.38652
1.10032
1.3182
1.36699
1.65909
0.636714
1.21337
1.62536
1.38581
1.69995
1.15533
0.984714
0.788051
0.966671
0.866153
1.11579
1.28287
1.0137
1.28062
1.16536
0.906695
1.29893
1.23719
0.886394
1.29108
0.886116
1.23833
0.746011
1.18425
1.28847
0.952162
1.27609
0.721986
1.18183
1.54944
1.39861
1.02913
1.00866
0.800689
1.19754
1.10249
1.0033
1.03511
1.19752
1.36327
1.07453
1.35143
1.27377
1.36846
1.43206
1.08314
1.32895
0.935985
1.26252
1.17104
1.3834
0.94444
1.19575
1.12599
0.791255
1.19034
1.13945
1.26586
1.03594
1.34288
1.10905
0.815786
1.19497
1.21553
1.4191
0.831424
1.35321
0.609613
1.04007
1.07836
0.935183
1.08635
1.01929
0.9735
1.1542
0.933087
1.14668
0.81852
0.993692
0.9306
0.985812
1.10959
1.016
1.14984
0.914504
1.16197
1.07601
1.34197
1.47624
0.951321
1.37506
1.32176
0.97053
1.08856
1.22086
1.01842
1.23485
1.18298
0.851988
1.11111
1.47152
1.08535
1.45994
1.28087
1.03473
1.22086
1.34044
1.2423
1.24229
1.23609
1.36297
1.06678
1.63618
1.1604
1.34943
1.39228
1.27965
1.4562
1.0895
1.44586
1.63495
1.199
1.27889
1.07542
1.13546
1.72056
1.68209
1.34695
0.912401
1.3738
1.6478
1.46545
1.62543
1.41658
0.980118
1.0157
1.69635
1.32554
1.49898
1.30167
1.50343
1.2924
1.07192
1.46524
1.34847
1.35923
1.54775
1.28489
1.26455
0.973907
0.541527
1.55242
1.48552
1.51105
1.25149
1.20811
0.757653
1.27297
1.15909
1.56717
1.25137
1.19917
0.978454
1.65441
1.24317
1.27543
1.43621
1.14016
1.09173
1.38228
1.37638
1.51929
1.00836
1.6726
1.37659
1.44346
1.31774
1.0306
0.920044
1.37921
0.93417
0.906547
0.948094
1.05411
1.13557
0.757511
1.14753
1.1059
1.15832
1.29072
0.955301
1.01411
0.913823
1.0591
1.26422
1.44881
1.1168
1.24507
1.22956
1.19021
0.911728
1.17564
1.16266
1.16584
1.26582
0.963545
1.07692
0.913209
1.10059
1.19125
1.11842
1.58125
1.02878
0.931558
0.941294
1.40267
1.31887
1.2698
1.29889
1.08489
1.08775
0.894703
1.53994
0.990536
1.21208
1.35186
0.767325
1.0341
0.979253
1.38711
0.697407
1.0259
1.32598
1.42262
1.13713
1.06289
1.09375
1.27433
1.13078
0.984451
1.16838
1.30045
0.932605
1.18697
0.789777
1.13631
1.05413
0.898797
1.20326
1.18723
1.0337
1.28809
1.17931
1.00192
1.21415
0.870674
1.20132
1.02644
1.35195
1.2928
1.29084
0.732839
1.28863
1.32368
1.11529
1.12619
0.974487
1.09214
1.20747
1.31899
0.939308
1.3617
1.42046
0.989764
1.10692
1.40684
0.996365
1.19644
1.00057
1.12855
1.19707
1.2706
1.4971
1.18231
1.35492
0.735202
1.24561
1.19615
1.46994
0.998247
0.836067
0.733997
1.40827
0.886471
1.13475
0.790392
1.60598
1.3059
1.16847
1.32425
1.30885
1.53279
1.20788
1.12033
0.921654
0.945332
1.39369
1.71593
1.44777
0.935138
1.33509
1.23093
0.827812
1.376
1.06076
1.39446
1.11917
1.20408
1.33499
0.756168
1.40964
1.3486
1.10174
1.35297
1.33031
0.934436
1.15938
1.28265
0.937142
1.23382
1.06906
1.25171
1.14037
0.913164
1.16255
1.25098
1.26388
0.959933
0.971296
1.31567
0.938269
1.22156
0.871419
1.07259
1.33015
1.47403
1.2013
1.22175
1.25979
1.26328
1.4474
1.24884
0.839198
1.06454
1.3141
1.46618
1.08649
1.08328
1.3465
0.88429
0.806267
1.08597
0.96572
1.02368
1.30365
1.15701
1.31366
1.43937
1.1453
1.04915
0.992181
1.3706
1.28238
0.871943
0.908405
1.16527
1.01401
1.12532
0.895968
1.11301
1.39176
1.12689
0.935079
1.13884
1.05719
1.74173
1.44047
0.87526
1.26815
1.07544
0.982013
1.43793
1.29027
1.14382
1.05465
1.3642
0.924832
1.31183
1.25494
1.23042
0.627337
1.38854
1.33559
1.29535
1.30886
1.23746
1.44279
1.23431
0.749122
0.882755
1.1399
0.927364
1.12039
0.833596
1.0456
1.19148
0.666679
0.703226
1.28211
1.19767
1.06099
1.31271
1.23431
1.04651
0.821387
1.57981
1.29142
1.01438
1.52177
1.18408
1.15589
1.21473
1.41479
0.855737
1.15847
1.26265
1.3691
1.08385
1.18045
1.50194
1.41448
1.52887
1.46352
1.35443
1.39027
1.43294
1.30913
1.17523
1.31747
1.53734
1.36242
1.38909
0.871494
1.20176
1.59949
1.42318
1.61823
1.24649
1.156
1.47248
1.39484
1.52843
1.45978
1.44233
1.40947
1.08453
1.16615
1.46297
1.44584
1.46482
1.39885
1.55829
1.23171
1.17649
1.52836
1.1923
1.19325
1.56631
0.92562
1.39511
1.34868
1.70254
1.32386
1.36667
1.36216
1.44355
1.25935
1.21638
1.34562
1.47346
1.35637
1.34145
1.26141
1.39049
1.37165
1.13871
1.40164
1.22895
1.06151
1.22227
1.40677
1.40263
1.13539
1.15762
1.46678
1.14851
1.20592
1.01926
1.32559
1.16922
1.53396
1.39252
1.44565
1.54349
1.61102
1.29878
1.35066
0.951989
1.23114
1.48504
1.32859
0.785221
0.940074
1.66474
0.931527
1.28628
1.09883
1.32182
1.36619
1.31933
1.53065
1.33885
1.12767
1.34407
1.29262
1.26322
1.69359
1.22329
1.21552
1.41642
1.25711
1.02009
1.07397
1.04518
1.45242
1.35103
1.25006
0.975931
1.22446
0.935625
1.76229
1.06337
1.06814
1.45797
1.10577
1.35231
1.2485
1.11895
1.38219
0.995158
1.56939
1.38217
1.31932
1.25646
1.13729
1.09757
1.7899
1.53516
1.44336
1.37235
1.33058
1.45363
1.41928
1.02225
1.02785
1.36347
1.15585
1.22092
0.802466
1.32358
1.51142
0.644167
0.966225
1.11431
0.903483
1.20677
1.22409
1.41848
0.954584
1.21483
1.35692
1.01611
1.34441
1.25983
1.55428
1.35441
1.39768
1.6524
1.30347
1.3675
1.25362
1.30359
1.23597
1.34605
1.42654
1.18706
0.995528
1.08409
1.21918
0.712468
1.19175
1.15236
1.11498
1.54928
0.663607
1.4898
1.24014
0.905698
0.788474
1.15519
1.43789
1.44733
0.908631
1.20211
1.30339
1.27115
1.3191
1.43338
0.913502
0.540996
0.891068
1.55966
1.17033
1.50517
1.33634
0.907142
1.04333
1.39929
0.850115
1.25608
1.28003
1.39635
1.28717
1.03224
1.40004
1.1791
1.19243
1.35377
0.805001
1.36952
0.649415
1.05979
1.44439
1.32534
1.30097
1.18406
1.1758
0.837211
0.866764
1.04751
1.11113
1.07959
1.06641
1.35427
1.25476
1.33813
1.04815
1.50482
0.941994
0.725702
1.44322
1.31084
1.45195
0.860126
1.56331
1.35266
1.15615
1.35361
0.975868
0.579353
1.27033
1.37601
1.28669
1.30273
1.1536
1.31729
1.2809
1.03968
1.03291
1.40262
1.44576
1.04972
1.06909
1.3781
1.34906
1.12275
1.2703
1.07953
1.37875
1.30058
1.21358
1.24341
1.29748
1.17648
1.38504
1.00943
1.7252
1.26456
1.35376
1.15843
1.64475
1.01463
1.37822
1.63199
0.961589
1.04999
1.12018
1.71774
1.25158
1.36689
1.45577
1.02499
0.964344
0.961538
1.35149
1.11272
1.36646
1.23342
1.40161
0.887631
1.12267
1.11131
1.1651
1.18952
1.54936
1.26477
1.24918
0.95672
1.21926
1.17841
1.40847
1.15528
1.39383
1.31879
1.45289
1.32518
1.46409
0.976801
0.705943
1.4186
1.08339
1.09894
1.16636
1.33335
1.29905
1.44419
1.08897
1.10114
1.02026
1.37068
1.35138
1.5664
1.20599
1.32014
1.33227
1.38583
1.47052
1.25467
1.40861
1.22388
1.29054
1.59858
1.15555
1.33282
1.21854
1.42994
1.6292
1.20689
1.45921
1.24653
1.21458
1.11726
1.40077
1.7069
1.26852
1.57941
1.54353
0.871119
1.27795
1.32991
1.1637
1.22894
1.35593
1.50158
1.21179
1.41146
1.50786
1.18624
0.942636
1.33479
1.23144
1.64765
1.33235
1.50966
1.41936
1.29915
1.20009
1.22008
1.51047
1.07515
1.47953
1.17421
1.46253
1.43228
1.18687
1.62259
1.41503
1.04258
1.45448
1.30715
1.12192
1.14881
1.74969
1.42902
1.02645
0.902184
1.58622
1.10679
0.961346
1.54694
0.757808
1.10212
1.46273
1.24716
1.16803
1.37743
1.76026
1.56933
1.32832
1.58835
1.04198
1.65297
0.767739
1.37264
1.02983
1.19366
1.61012
1.42373
1.4775
0.882449
1.20932
1.37771
1.53174
1.38714
1.67997
1.30186
1.16212
1.63377
1.53636
0.895276
1.22198
0.945912
1.4482
1.47748
1.34193
1.32323
1.30107
1.30084
1.55761
1.30939
1.46552
1.42796
1.09796
1.2895
1.19686
1.22507
1.68493
0.976746
1.66221
1.24518
1.04414
1.19563
0.997546
1.28292
1.9166
1.54137
1.3947
1.26355
1.09901
1.57972
1.19123
1.40581
1.11708
1.28596
0.770023
1.44541
0.597153
1.59998
1.55945
1.06577
1.02602
1.34683
0.965655
1.45189
0.995225
1.3335
1.15969
1.40112
1.32603
1.24641
1.40807
1.23033
1.60977
1.38026
0.966476
1.62146
1.46941
1.40712
1.24172
1.07371
1.14098
1.00976
0.871399
1.31211
1.07372
1.32999
1.39591
0.617106
1.21271
1.0706
1.15448
1.57638
1.19389
0.878192
1.12578
0.886709
1.04528
1.14859
0.991104
1.13343
1.35685
1.1635
0.99549
1.43933
1.05705
1.37821
1.00347
0.805801
1.01467
0.775091
1.43176
1.20742
1.3256
1.08036
0.73918
1.57888
0.973768
1.4354
0.527349
1.32589
1.06282
1.44831
1.23025
1.25289
1.31249
1.44778
1.06492
1.15704
1.36021
0.648244
1.00914
1.2061
1.00351
0.951268
1.14635
1.47274
0.892694
1.10476
0.982363
0.971003
1.12391
0.801323
1.03821
0.995133
1.26684
1.00589
0.83493
1.30803
1.06585
1.33953
1.27468
0.962087
1.70112
1.43054
1.55835
1.25434
1.3767
1.42122
0.936151
1.39592
1.39558
1.26057
1.614
1.53403
1.28549
1.0834
1.28712
1.36296
1.67971
0.941087
0.941059
1.48529
1.48905
1.63743
1.3387
0.801714
2.09965
1.62247
1.45021
1.44759
1.70134
1.35429
1.56747
1.34478
0.897263
0.936474
1.19568
2.06409
1.74274
1.2708
1.1958
1.66954
1.1675
1.66898
1.10028
1.81078
1.39118
0.962097
1.3701
1.47203
1.30228
1.21741
0.983431
1.66491
1.75272
1.23752
1.09548
1.28294
1.34401
1.56385
1.60834
1.49627
1.32398
1.36693
1.8494
1.57807
1.33585
1.44429
0.921679
1.36221
1.41904
1.25337
1.5792
1.34937
1.82061
0.899053
1.38438
1.36958
1.47944
1.248
1.92484
1.24414
1.06987
1.02339
1.48058
1.4545
1.32248
1.1931
1.34105
1.15794
1.29429
1.19394
1.59228
1.32396
1.00468
1.25298
1.56956
0.763437
1.49002
0.916078
1.28572
1.71899
1.29662
1.14656
1.17499
1.38845
1.52088
1.45513
1.21176
1.28739
1.03362
0.854408
1.48167
1.29529
1.5275
0.851685
1.57357
1.22924
1.27582
1.21194
1.15166
1.0776
1.60455
1.48427
1.6221
1.12232
0.957739
1.43128
1.31998
1.21418
1.13041
1.17221
0.763046
1.46845
0.744979
1.54317
1.45521
0.756979
1.10393
1.56054
1.07047
1.27392
1.35585
1.2628
1.05529
1.28853
1.372
1.45919
1.42695
1.5616
1.04379
1.17666
1.18664
1.68402
1.14312
1.48912
1.32588
0.910619
0.937476
1.08023
1.1916
1.4549
1.30331
1.02621
1.04251
1.36258
1.21035
1.2282
0.93817
0.920447
0.946985
0.93213
1.13226
1.0505
1.01223
1.29179
1.42655
0.920752
1.19428
1.16203
1.68224
1.53115
1.16398
1.35667
1.09658
1.23523
1.34357
1.35695
0.882321
1.39642
1.1244
0.81902
1.21362
1.27382
1.18224
0.833454
1.32656
0.896553
1.08762
1.11533
1.29672
1.61753
0.918982
1.14824
0.841335
1.19899
1.06033
0.933602
0.997104
0.715385
0.873405
1.11305
1.14495
1.07813
1.13599
1.04862
1.3515
1.136
1.13466
1.23184
1.4288
1.24624
0.935937
1.44928
1.33076
1.16091
1.16792
1.4416
0.924581
1.10536
1.15426
1.15437
1.59339
1.11382
1.12891
1.32227
1.03967
1.38534
0.870005
1.09744
0.830332
1.26788
1.33408
1.29054
1.05406
1.23788
1.27732
1.40989
1.46892
0.625126
1.02371
0.981215
1.15424
1.34048
0.96428
1.26206
0.819041
0.940801
1.03363
1.46176
0.826165
1.47136
1.06071
1.4377
1.06124
1.26053
1.11908
0.994209
1.16744
1.42133
1.43721
1.4356
1.18087
1.40549
1.04511
1.31528
1.14842
1.23858
1.06875
0.982658
1.17065
0.773877
1.2271
1.50453
0.884621
1.30688
1.11396
1.44256
1.41921
1.05766
0.914824
1.11098
1.02566
1.35894
1.23158
1.40946
1.382
1.43001
0.797367
1.11137
1.35374
1.22373
1.4212
1.27613
1.17664
0.773226
1.07958
1.23334
1.26002
1.11115
1.06664
1.38207
1.32278
0.604369
0.837764
1.07087
0.986857
1.15036
1.152
0.639404
1.447
1.20776
1.12764
1.42483
1.32529
1.08359
1.49179
1.06336
1.04287
0.982189
1.17259
1.37775
1.46452
0.958769
0.884798
1.36672
0.709472
1.14062
0.940084
1.38061
0.738733
1.01728
1.08753
1.04587
1.22613
1.30936
1.11407
0.918709
1.30356
0.612434
1.13545
0.825494
1.02429
1.07179
1.18205
1.04097
1.13497
1.08518
1.42716
1.17744
0.974392
0.978368
0.811904
1.13486
1.10103
1.13359
1.18282
0.966292
1.18737
0.945151
1.20784
0.83838
1.35425
1.19296
1.42094
1.17645
1.16813
1.54842
1.58278
0.706542
1.28757
1.05419
0.931877
0.928166
1.21416
1.19324
1.19877
1.28076
1.30458
1.40351
1.31813
1.28467
1.32818
0.823001
0.848211
0.825251
1.72939
1.22781
1.21232
1.26057
0.959164
1.17551
1.54728
1.07795
1.0036
1.37834
1.41445
1.19335
1.48988
1.37914
1.48134
1.1244
1.12106
0.853329
1.4187
1.04614
1.46031
1.3616
1.45299
1.21595
1.15142
1.07788
1.26546
0.685647
1.30542
0.755664
1.16203
1.05132
1.37765
1.16148
1.56375
1.00392
1.58954
0.981238
0.869787
1.25905
1.52907
1.45919
0.958685
1.70696
1.34569
1.24289
1.48735
1.12146
0.632776
1.29939
1.44866
1.51616
1.07043
1.15469
1.12003
1.43001
1.68611
1.40444
1.13256
1.37191
1.14643
1.31876
1.38302
1.2158
1.25588
1.20875
1.78304
1.13705
1.38359
1.14627
1.56614
1.43125
1.27767
1.60139
0.897751
1.4993
1.1801
1.48289
0.986814
1.25479
1.52905
1.25793
1.43841
1.21793
1.62254
1.35488
1.45569
0.761124
1.21151
1.07149
1.28336
1.57389
1.1821
1.7002
0.770361
1.09339
1.31373
0.856882
1.41885
1.16569
1.14118
1.33086
1.29068
1.29701
0.96432
0.851418
1.34843
1.11202
0.888413
1.57676
1.11669
1.22722
1.15252
1.34114
1.41105
1.79591
1.26499
1.484
1.3073
1.29978
1.02797
1.64102
1.30574
1.38057
0.817897
1.29439
1.13451
1.20332
1.06856
1.26946
1.18698
1.29275
1.66273
1.08215
1.32261
1.00393
1.07468
1.29092
1.34183
0.924831
1.58174
1.31662
1.26422
1.27014
1.05948
1.44183
1.22863
1.05971
1.19465
1.21412
1.09534
1.10705
1.48453
1.42396
0.818285
0.747037
1.1823
1.26839
1.23227
1.56915
1.12743
1.08798
1.16831
1.04378
1.40357
0.940274
1.00044
1.30767
1.15672
0.869375
1.26444
1.47745
1.57112
1.51823
0.948861
1.35333
0.763241
1.15408
0.97151
1.36572
1.41222
1.09305
1.30699
0.979735
1.2348
1.27632
1.02782
1.1258
1.24704
1.62081
1.48027
1.74933
1.31058
1.48414
1.26975
1.25371
1.69222
1.64022
1.1116
1.16704
1.47818
1.31004
1.41153
1.36033
1.449
1.31284
1.41108
1.16776
1.50761
1.74784
1.47122
1.27167
1.30221
1.31961
1.22973
1.62801
1.1787
1.57675
1.28099
0.68369
1.47195
1.23313
1.27731
1.60865
1.40241
1.22047
1.23328
1.27097
1.47885
1.14607
1.53139
1.2076
1.48501
0.579845
1.32162
1.0737
1.63125
1.28611
1.43788
1.31563
1.61999
1.35963
1.36612
1.10795
1.07026
1.24668
1.39271
1.32461
1.42987
1.15215
1.18628
1.5511
1.45662
1.03652
1.08131
1.41832
1.37589
1.40416
1.11227
1.55774
1.78699
1.35335
1.32003
1.39787
0.925064
1.17013
1.30196
1.21128
1.40038
1.44953
1.49344
1.14432
1.56221
1.34087
1.45723
1.11367
1.22134
1.35882
1.01992
1.66854
1.21119
1.39387
1.22854
1.23691
1.4847
1.2753
1.46938
0.963935
1.26813
1.43239
1.73018
1.34579
1.29864
1.33553
1.51509
1.40125
1.17827
1.63646
0.96081
1.29412
1.46306
1.18534
1.13522
1.2796
1.52402
1.21378
1.44213
0.933543
0.756774
1.33904
0.971628
1.25205
1.21153
1.5632
0.882489
0.731155
1.62179
0.996133
1.65615
1.47355
1.22613
1.90809
1.71462
1.57209
1.30136
1.1459
1.03265
0.852973
1.20097
1.31969
1.42162
1.01145
1.56181
1.17974
1.42317
1.46819
1.39606
0.879184
0.674453
1.0586
1.62433
1.21712
1.3188
1.19823
0.724626
0.920025
1.47471
0.997542
1.29293
1.24877
1.47716
1.20682
1.44997
1.23893
1.29196
1.30775
1.33714
0.833588
1.61029
0.626174
1.13049
1.4261
1.36581
1.41653
1.22594
0.804628
1.0893
1.00852
1.0928
1.06162
1.30429
0.980745
1.46067
1.22509
1.40051
1.15156
1.56631
0.946914
0.774092
1.46923
1.38685
1.55537
1.26906
1.75627
1.21485
1.15543
1.31615
1.39222
0.730039
1.36799
1.24075
1.53195
1.57997
1.21582
0.669644
0.884997
1.39805
1.41917
1.13692
1.10033
1.69419
1.41401
1.10245
1.3759
1.52917
1.55996
1.50079
1.00103
1.20482
1.03508
1.19873
1.69634
1.53182
0.978008
1.40035
1.10705
1.00256
1.58651
1.26959
1.43401
1.19082
1.23325
1.39043
1.2126
1.33016
1.30803
1.33747
1.31665
1.35734
1.02801
1.11039
1.4045
1.1773
1.31228
1.11968
1.22006
1.08341
1.16671
1.34194
1.11461
1.20771
1.31034
1.13035
1.3118
1.00192
1.30996
1.12146
1.47584
1.52233
1.22292
1.35583
1.38243
1.61729
1.31333
1.32405
1.44464
1.12211
1.24769
1.09672
1.3142
1.34119
1.4949
1.45692
1.39657
1.35631
0.752695
0.995352
1.21581
1.17383
1.32141
1.40103
0.936288
1.15029
1.07635
0.900901
1.47168
1.17034
1.24873
0.940491
1.50157
1.12945
1.53479
1.32703
1.52092
0.949468
1.02362
1.38405
1.56611
1.32767
1.57738
1.04359
1.37429
1.06562
1.09071
1.0537
1.13624
1.09781
1.23877
1.18372
1.34216
0.907071
1.29791
1.49023
1.56359
1.04145
1.376
0.939255
1.00818
0.760529
1.55363
1.46357
1.36288
1.53991
0.985074
1.31821
1.30571
1.31191
1.12457
1.29423
1.16847
1.38996
1.39937
1.47862
1.38505
1.32035
1.56765
1.25801
1.84614
1.44019
1.31091
0.890365
1.43699
1.65909
1.29991
1.75794
0.993215
1.14465
1.28182
1.9984
1.20539
1.44553
1.69762
1.40062
1.2367
1.35333
1.49624
1.35283
1.48354
1.2933
1.26623
1.36084
1.13949
1.38347
1.35414
1.62867
1.55282
1.56289
1.33759
1.24349
1.1639
1.35408
1.26948
1.39697
1.4236
1.58741
1.40881
1.80647
1.59799
1.54581
0.965464
1.41166
1.45245
1.53034
1.58218
1.18456
1.84315
1.639
0.889022
1.5103
1.03078
0.989629
1.66634
1.45824
1.51411
1.28836
0.884188
1.28095
1.58238
1.5714
1.07538
1.04146
0.673927
0.845478
0.810749
1.39326
0.965223
1.38845
1.34141
1.09629
1.23737
1.14278
0.462969
1.26411
1.2703
1.35796
1.4093
1.18678
1.41505
1.04178
1.18939
1.40835
1.03725
1.55897
0.918029
1.56465
1.32287
1.25267
1.1661
1.2418
1.34487
1.14573
0.881725
1.0116
0.955746
1.24562
1.01324
1.67258
0.948135
1.37283
1.12088
1.45369
1.00124
0.7818
1.41509
1.27729
1.2838
1.31296
1.32238
1.47297
1.04214
1.4488
1.34888
1.07943
1.28945
1.02803
1.26289
1.10814
1.17801
0.852214
0.687936
1.61528
1.4785
1.25959
1.42026
1.21596
1.55298
1.43012
1.0673
1.06599
0.845686
1.30279
1.55665
1.60747
1.13685
0.819395
1.71036
0.830208
1.37246
0.744657
1.56325
0.949072
1.30943
1.12315
1.18558
1.3037
1.18373
1.25219
1.28003
1.44119
0.697867
1.0083
0.929127
1.10377
1.10835
1.32789
1.35836
1.08672
0.805862
1.47231
1.2637
1.10853
1.09532
1.05189
1.10819
1.32351
1.29665
1.32993
0.822311
1.4853
1.13936
1.35158
0.909471
1.4509
1.10279
1.65115
0.942483
1.30724
1.38172
1.30592
0.877916
1.715
1.23781
1.0447
1.43629
1.48421
1.49503
1.60763
0.86278
1.09864
1.18318
1.14791
1.77385
1.57717
0.81815
1.30551
1.18169
0.929894
1.5746
1.27943
1.52253
0.823926
0.890643
1.36444
1.29938
1.42958
1.50337
1.19638
1.32549
1.1195
0.987948
1.26284
1.32341
1.14829
1.32891
1.03863
1.13216
1.03926
1.23237
1.47322
1.37808
1.10377
1.41688
1.09245
1.3331
0.894551
1.44418
1.28763
1.28755
1.58824
0.937525
1.15383
1.41354
1.56253
1.13629
1.46127
1.3086
0.961884
1.41123
1.13812
1.22311
1.21909
0.930951
1.49979
1.19018
1.47598
1.24937
1.00318
1.26481
1.18598
1.60148
1.34466
1.36043
0.671888
1.42131
1.09143
1.01139
1.41334
1.20127
1.32302
1.02317
1.28132
1.23658
0.940577
1.46678
1.72468
1.28286
1.09092
1.23185
0.827965
1.39237
1.47905
0.807524
1.25524
0.696396
1.13029
1.19436
1.33498
0.810648
1.12472
1.12342
1.06692
1.11202
1.27589
1.09591
1.19272
0.640681
1.28123
1.01815
1.56527
1.28877
1.34291
1.56377
1.46312
1.29592
1.22065
1.1685
1.26979
1.32138
1.26204
0.826765
1.0401
1.12157
1.39285
1.2936
1.31733
1.3847
1.09337
1.10261
1.09703
0.969174
1.26208
1.10386
1.27311
1.22192
0.914991
1.27802
0.791977
0.954654
1.54113
1.10639
1.42566
0.877214
1.17536
1.5003
0.957831
1.11139
1.01594
1.35089
0.771732
1.15552
0.6124
1.16105
1.10685
0.902709
1.37961
1.14852
0.904428
1.09761
1.32243
1.14771
0.903561
1.41889
1.16049
1.22538
1.23281
1.23542
1.25476
0.980963
1.20055
1.56672
1.06981
1.2681
1.42387
1.03331
1.3231
1.3571
1.18815
1.37423
1.08383
1.54498
1.10842
1.45115
1.33744
1.26144
1.67438
1.43994
1.2587
1.12073
1.39223
1.34276
1.21089
0.953274
1.31741
1.2067
1.10292
1.54684
1.36821
0.718405
1.47748
1.53812
1.3381
1.29026
1.26207
1.00731
1.61902
1.18756
0.925555
1.12615
1.17521
1.22515
1.27807
1.13445
1.04878
1.19034
1.28372
0.967428
1.19208
1.28637
1.2566
1.18971
0.737113
0.881721
0.939655
1.78882
1.26213
1.34071
1.19158
1.39236
1.4487
1.26451
1.73566
1.59137
1.3776
1.36295
1.40482
1.91042
1.48946
1.23196
1.26534
0.879583
1.26557
1.5728
1.60239
1.53948
1.13527
1.72411
0.924455
1.5234
0.941454
1.35341
1.31306
1.82274
1.42127
1.38874
1.31739
0.964463
1.66562
1.33926
1.53625
1.04699
0.853252
1.0724
1.43519
0.880979
1.45796
1.6201
1.06015
0.705653
1.36694
1.12971
1.48952
1.16844
1.37219
1.27838
1.40378
1.52904
1.41211
1.35378
1.68332
1.51162
1.43034
0.929094
1.76753
1.30156
1.52793
1.77381
1.5499
1.32543
1.45227
1.47202
1.31825
1.48122
1.32964
1.04342
1.05345
1.39348
1.78772
1.6374
0.958789
1.22658
1.40807
0.953727
1.22307
1.09197
1.55822
1.0555
1.03875
1.20843
0.880993
1.33929
1.24587
1.113
1.33381
1.51025
0.90462
1.33909
1.07366
1.0671
1.35091
1.35067
1.13422
1.32109
1.09199
1.56772
1.30607
1.16134
1.13458
0.923989
1.32568
1.27651
1.10288
1.19095
0.836521
1.38691
1.19422
1.2761
1.19712
1.2293
1.20328
1.67824
1.40895
1.06086
1.54258
0.939399
1.6718
1.55898
1.41823
1.92343
1.50549
1.70909
0.587291
1.21245
1.25177
1.47675
1.52795
1.49109
1.36456
1.68513
1.46376
1.19747
1.7123
1.17134
1.46496
1.46657
1.93696
1.82645
1.03402
1.345
1.06254
1.62699
1.43556
0.981119
1.35431
0.981204
1.19345
1.43423
1.64612
1.1018
1.34174
1.04804
1.50205
1.42364
1.09719
1.49124
1.60686
1.32074
1.36273
1.12606
1.7927
1.79458
1.48688
1.58677
1.54351
0.984117
1.04145
1.35021
1.30253
1.37401
1.32486
1.13053
1.12863
1.34599
1.19503
1.48218
1.05976
1.41622
1.21705
1.38494
1.18105
1.45572
1.41824
1.20274
0.995177
1.3587
1.66052
1.56305
1.5376
1.81296
1.14993
1.32753
0.900276
1.28617
1.40529
1.26151
1.28445
1.04582
1.17617
1.48938
0.990679
1.48184
1.26102
1.59269
1.41101
1.25812
1.15615
1.32718
0.778603
1.60722
1.29261
1.5864
1.37276
1.42721
0.994351
1.36909
1.55361
1.42903
1.37376
0.917279
0.761764
1.43312
1.07129
0.926462
1.32789
1.0247
1.10103
1.13534
0.766751
0.808848
1.15851
1.09369
1.26622
1.262
1.33814
1.08558
0.833999
1.18231
0.990799
1.42152
0.964666
1.46073
1.25415
1.15949
0.817512
0.940959
1.27105
1.17712
0.723302
0.9928
0.64494
0.980153
0.660771
1.4255
0.904709
1.0622
0.737608
1.44241
1.02509
0.645021
1.13095
1.1996
1.06147
1.20724
1.26096
1.15597
1.04666
1.47785
1.4267
0.897061
1.10382
1.13187
1.59276
1.12174
1.55778
1.28165
0.950729
0.856482
1.60058
0.680542
1.40997
1.43345
1.25486
1.39598
1.17541
1.54019
1.04881
1.36431
1.4137
1.14554
1.51445
0.645705
1.01048
1.42357
1.48664
1.27502
1.4179
1.18571
1.0071
1.08034
1.06151
1.20795
1.22407
0.990834
1.46186
1.28578
1.38124
1.2615
1.59481
1.0031
0.890359
1.35323
1.36676
1.47491
1.26324
1.69146
1.39445
1.02263
1.52647
1.09319
0.704083
1.26246
1.74798
0.960892
1.10274
1.48419
1.06182
1.49586
1.12309
0.991966
1.09943
1.09113
1.66331
1.41843
1.41293
1.27181
1.43036
1.06949
1.51743
1.03532
1.47766
1.24923
1.62375
1.39152
1.42825
1.1402
0.972992
1.32883
1.28747
0.712978
1.15305
0.943636
1.36333
0.913861
1.33042
0.957858
1.3103
0.910278
1.43377
1.23373
0.639735
1.41884
1.39626
1.20437
1.00554
1.34758
1.54789
1.42724
1.48444
1.41059
1.05987
1.39811
1.57268
1.71354
1.38171
1.37646
1.45166
1.57884
1.40481
1.40365
1.36864
1.39679
1.46787
1.19673
1.53675
1.53159
1.46609
1.16067
1.4539
1.40454
1.31787
1.65641
1.0977
1.27344
1.76871
1.33121
1.62944
1.25518
1.33103
1.55942
1.63876
1.27347
1.62108
1.86255
1.75178
1.47324
1.33429
1.28778
0.855976
1.41427
1.48915
0.968837
1.36236
1.61172
1.13492
1.31622
1.50269
1.40571
1.39754
1.71411
1.65604
1.42448
1.11053
0.934627
1.6075
1.57947
0.946176
1.38577
1.25325
1.66856
1.53315
1.45362
1.12815
1.32303
1.53076
1.62681
1.39709
1.45795
1.27
1.54234
1.03066
1.69069
1.51869
1.32356
1.3682
1.44574
1.01426
1.21867
1.34177
1.68798
1.07353
1.51861
0.968789
1.35311
1.41685
1.21842
1.12802
1.02986
1.55229
1.03463
0.976448
1.41616
1.32149
1.76123
1.21062
1.54955
1.48362
1.42134
1.78531
1.30612
1.14527
1.35887
1.44505
1.5194
0.991612
0.931672
1.6352
1.15421
1.79198
1.09962
1.64211
0.828545
1.3145
1.42668
1.5929
1.57783
1.72892
1.2589
1.41893
1.04302
0.830001
1.18367
1.459
1.13356
1.25457
1.05085
1.48657
0.756664
1.17363
1.29748
1.32517
1.00225
1.39696
1.32487
1.08985
1.0442
1.54954
1.25745
1.41423
1.51504
1.12944
1.44417
1.41552
1.83655
1.30699
1.51802
0.844564
1.2608
1.9318
1.40315
1.38847
1.18894
1.59209
0.949173
1.54949
0.852825
1.45047
1.35613
1.21028
1.4767
1.33839
1.35929
1.39759
0.766723
1.57424
1.54589
1.28055
1.0052
1.24392
1.2466
1.22049
1.40461
1.6426
1.16827
1.2993
1.39781
1.61924
1.55765
1.05277
0.832514
1.38783
1.20568
1.28025
1.30133
1.38797
1.61751
1.37731
0.905565
1.1589
1.42273
1.32995
1.84367
1.07891
1.4506
1.15784
1.17478
0.892277
1.52161
0.960083
1.33931
0.704799
1.33029
1.27061
1.2762
0.943245
1.23298
0.835008
0.941165
1.03816
1.30776
1.51287
0.904088
0.551965
0.984168
0.892927
1.02872
1.20219
1.36277
0.933641
1.06268
1.17252
1.1376
1.10674
1.03991
0.701302
0.788345
1.31081
0.985521
1.16947
1.11667
1.43025
1.20678
1.21852
0.968863
1.28258
1.02798
1.48325
1.67187
1.15599
1.48343
1.25096
1.29391
1.1949
1.35437
1.53861
1.24325
1.16628
1.25105
1.38269
1.65174
0.935915
1.02125
1.42934
1.36479
1.20114
1.35081
1.05387
0.864094
1.38238
1.08197
1.38444
1.23219
0.960709
1.35091
1.66117
1.44721
1.2568
1.60672
1.04257
1.10898
1.05879
1.57355
1.68471
1.46169
1.808
0.890969
1.13724
1.36038
1.34742
0.858499
1.21568
1.26203
1.41662
1.32621
1.59823
1.49747
1.28949
1.56457
1.3239
1.2698
1.88112
1.23884
1.54966
1.37927
1.78664
1.87453
0.867707
1.46929
1.02048
1.58292
1.31746
1.21074
1.17289
1.23235
1.3084
1.39651
1.63531
1.16146
1.06129
1.1383
1.39792
1.47073
1.08707
1.63069
1.46056
1.29961
1.52976
1.00999
1.74012
1.79368
1.32436
1.8146
1.6639
1.09497
1.39746
1.39333
1.20902
1.50784
1.0799
1.58125
0.862904
1.30956
1.51712
1.26807
1.53279
0.910364
1.44233
1.36999
1.34373
1.13992
1.37995
1.43302
1.13535
1.02915
0.991966
1.12357
1.25385
1.00617
1.64668
1.03227
1.30149
1.23999
1.46931
1.06943
0.886362
1.33183
1.27282
1.23814
1.43223
1.32216
1.56346
1.04378
1.55485
1.26865
1.13625
1.18457
1.34084
1.16536
1.19478
1.41306
1.32985
1.55545
0.885438
0.897721
0.937633
1.1237
1.30327
1.65132
1.23048
1.21491
1.22862
0.770684
1.43346
1.41339
0.609947
1.44675
0.730719
0.852484
1.17787
1.43215
1.19785
1.20673
0.672671
1.41576
1.02186
1.04508
1.23101
1.15578
1.02029
1.01826
1.23604
1.20088
1.39449
1.51942
1.39697
1.15992
1.3588
1.8573
1.21233
1.47684
0.841084
1.57117
1.04087
1.41792
1.341
1.55904
1.33562
1.39213
1.06837
1.38789
1.37223
0.825846
1.06594
1.01514
1.20019
1.09143
1.48049
1.56538
0.874559
1.0993
1.50599
1.24829
1.04288
1.14192
1.1041
0.874798
1.31139
1.25303
1.33501
1.25826
1.35904
1.06098
1.46636
1.07939
1.60867
1.31069
1.66939
1.34647
1.11829
1.86429
1.00455
1.27563
1.35621
1.44216
1.20275
1.24732
1.54121
1.65809
1.11551
1.25743
1.40833
1.70402
1.36809
1.24948
1.33487
1.07262
0.778284
1.43272
1.7084
1.33139
1.26098
1.36278
1.564
1.21903
1.49332
1.17138
1.40099
1.21912
1.56416
1.36585
1.56379
1.19568
1.66213
1.41904
1.39425
0.970578
1.32454
0.949912
1.30377
0.998919
1.29863
1.22664
0.968464
1.33117
1.32108
1.36713
0.934962
1.37802
0.855175
0.879913
0.988468
1.13845
0.995085
1.0829
1.24386
1.22837
0.929605
1.25178
1.34424
1.3419
0.883461
0.939221
1.36172
0.980368
1.44958
1.25088
1.14727
1.4154
1.35612
1.1879
0.630057
1.40952
1.27333
1.29121
1.6096
0.883063
1.24254
1.58427
1.28188
1.00208
1.07079
1.21506
1.5832
0.988693
1.41542
1.21892
1.64922
0.748409
1.19819
1.02185
1.41205
0.938567
1.43001
1.44372
1.39146
1.09445
1.30663
1.20688
1.09833
1.25982
1.42485
1.13421
1.18862
1.13026
1.02159
1.62317
1.26605
1.26379
1.0952
1.34534
1.18657
1.58005
1.32806
1.52847
1.2913
1.33471
1.40633
1.41534
1.10109
1.40805
1.68732
0.896488
0.882499
1.265
1.18725
1.15302
1.41058
1.71053
1.16378
1.11094
1.26483
1.31924
1.39547
0.856301
1.0655
1.21106
1.4916
1.16704
1.1834
1.30617
1.41864
1.45515
1.37713
0.874379
1.72055
1.49026
1.85853
1.30929
1.80807
1.50767
1.35456
1.1148
1.30678
1.68297
1.06289
1.19915
1.39246
1.53859
1.03627
1.38108
0.634298
1.26349
1.27276
1.1695
1.51047
1.03365
1.07001
1.55214
1.28575
1.30401
1.3363
1.34026
1.35758
1.15934
1.57085
1.25843
1.73458
0.908183
1.3475
1.58258
1.39897
1.13203
1.14501
1.25051
1.287
1.39007
1.57086
1.34053
1.04065
0.668848
0.744997
1.39663
1.01186
1.00599
1.01464
0.914134
0.9769
0.872758
1.12422
1.30673
1.2419
0.838097
1.32842
1.16577
1.06753
0.869244
1.48563
1.22466
1.00359
1.27923
1.04978
1.17517
1.27637
1.44783
1.03518
1.1847
1.21751
1.44813
1.35478
1.69767
0.979876
1.53354
1.46007
1.23982
1.43116
1.41011
1.02134
1.70582
1.22685
1.09136
1.39472
1.67887
1.74151
1.73528
1.02181
1.63757
0.820526
1.28856
1.20104
1.39335
1.54853
1.25056
1.66564
0.90277
1.38325
1.62938
1.19457
1.15542
1.63142
1.29663
0.801791
1.35963
1.5113
1.12148
1.60831
0.946549
1.15916
1.17022
0.681011
1.36598
0.960742
0.955393
1.35907
1.54431
1.25054
1.28608
0.845026
1.49281
0.903321
0.823017
1.6358
1.17405
1.41017
0.940129
1.45214
1.31926
1.50461
1.28944
1.27186
1.00088
1.33737
1.44563
1.42226
1.45145
1.10435
1.60289
0.995303
1.485
1.20534
1.02391
1.32545
1.2556
1.08636
1.56305
1.14992
1.27391
1.21186
1.36875
0.861629
1.05451
1.4839
1.26814
1.16913
0.898285
1.00462
1.0371
1.76153
1.46651
1.13298
1.13601
1.52627
1.3572
0.879928
1.46001
1.21234
1.53556
1.23839
1.09637
0.913313
1.03738
1.11162
1.24276
1.05244
1.16942
1.55285
1.33924
1.14611
1.09937
1.50798
0.850377
0.794973
1.55405
1.06555
1.44328
1.26812
1.5293
1.22798
1.22721
1.32874
1.23168
0.90642
1.25826
1.65062
1.49446
1.73727
1.37889
1.1324
0.877367
1.4823
1.15476
1.70407
1.41845
1.2946
1.18004
1.70529
1.18264
1.48233
1.46639
1.20413
1.23844
1.58675
1.31747
1.59562
1.35694
1.7771
1.40668
1.44029
1.28106
1.39235
1.14173
1.52997
1.71286
1.53482
1.25496
1.35325
1.40916
1.12509
1.50582
1.48947
1.59735
1.1947
1.52932
1.55662
1.61733
1.30834
1.22454
0.835925
1.24684
1.26071
1.08057
1.21775
1.40701
1.43174
1.2518
1.23421
1.5
1.36552
1.44267
1.92425
1.39102
0.881663
1.37285
1.00022
1.16847
0.995535
1.06559
0.910157
1.40623
1.42287
1.19433
1.02187
1.18827
1.11833
1.14014
1.28867
1.30553
1.3359
1.20337
1.34732
1.011
1.48598
1.42848
0.916185
1.56969
1.48761
0.900064
1.24051
1.64236
1.28275
1.25886
1.05181
1.02386
1.24707
0.788119
1.3659
1.30238
1.42149
1.17744
1.62502
1.46166
1.22248
0.866587
1.74824
1.35507
1.3882
1.51652
1.37566
1.11173
1.67756
1.60793
1.12269
1.18878
1.09383
1.01699
0.773161
1.0498
0.967807
1.04019
1.01137
0.950913
1.13457
0.900165
0.721403
0.946753
0.974566
0.889612
1.14294
1.09487
0.937786
0.909948
0.99252
1.17318
1.43362
0.92781
1.43081
1.22235
1.24169
1.1464
1.20751
1.16956
1.31713
1.56367
1.1205
1.11593
1.39071
1.43696
1.34802
1.23507
0.961597
1.09375
1.32389
1.46017
1.52957
1.38804
1.75077
1.2795
1.43188
0.919473
1.52179
1.183
1.49521
1.19943
0.766033
1.38497
1.08862
1.09461
1.06201
1.47529
1.1581
1.17087
1.14371
0.926122
1.02549
1.2043
1.27445
1.3934
1.00728
1.34342
1.18457
1.1559
0.887103
1.12207
1.00234
1.2062
1.26
0.690011
0.920165
1.09985
1.33398
0.951972
1.2029
0.699504
1.22644
0.766028
0.742987
1.23779
1.03943
0.962332
0.806242
1.12826
1.34461
1.3068
1.32336
1.0495
1.00556
1.23812
1.19442
1.34495
0.823016
1.06938
1.00555
0.989508
1.35458
1.05076
1.2009
1.09102
1.17566
1.3558
1.14631
1.32154
1.26394
1.48008
0.929651
0.970022
1.57179
1.20187
1.19297
0.96239
1.09842
1.46405
0.787975
1.31689
0.981806
1.43899
1.12003
1.06825
1.14933
1.46247
1.13169
1.17798
1.35268
1.46463
1.20654
1.437
1.45826
1.0916
1.04499
1.3797
1.5298
1.42021
1.17596
0.840655
1.53708
1.0361
1.14982
1.24571
1.29449
1.30057
1.06177
1.26685
1.25211
1.40507
1.47434
1.13484
1.08784
0.888574
1.09864
1.15985
1.12089
1.02767
1.37397
1.18521
0.785353
1.02194
1.36558
1.1956
1.30858
1.47767
1.10285
1.03201
1.39768
1.57751
0.93737
1.36097
1.48724
1.26477
1.38284
1.07655
1.35546
1.32839
1.09512
1.59827
1.31657
1.09137
1.56087
1.52763
1.53027
1.04755
1.48749
1.30034
1.47476
1.16825
1.38307
1.18644
1.29857
1.18776
1.43192
1.32849
0.849899
1.43239
1.16207
1.88318
1.21873
1.38219
1.68943
1.47222
1.31537
1.1122
1.18286
1.31909
1.06494
1.47615
0.952623
0.878437
1.41744
0.979749
1.50323
1.50568
1.29799
1.71893
1.48143
1.2362
1.51135
1.03001
0.628859
1.27931
1.1876
1.25176
0.983161
1.26375
0.95254
1.54613
1.47339
1.32044
0.995879
1.21363
1.05111
1.42542
1.26141
1.11105
0.846606
1.344
0.921895
1.72771
1.38697
0.7256
1.50481
1.71156
1.56774
0.963087
1.15092
0.909437
1.1634
1.06039
1.25289
1.10204
1.10752
1.04435
0.916106
1.07443
1.36473
1.37882
1.10206
1.24999
1.0668
1.33665
1.109
1.37279
1.36564
1.30699
0.867125
1.28002
1.64692
1.26633
1.38835
1.45749
1.29757
1.2135
1.35363
1.34164
1.28173
1.13702
0.881451
1.36922
0.969987
1.46623
1.41013
1.384
1.45387
1.54171
1.69877
1.34613
0.666205
1.71891
1.31154
1.35287
1.54829
1.61192
1.4397
1.4347
1.42825
1.44507
1.29557
0.950737
0.933133
1.47942
1.7872
1.5802
1.32499
1.59217
1.81772
1.41123
1.45244
1.53008
1.5934
1.06949
1.61274
1.45152
1.4993
1.15002
1.58906
1.54238
1.52843
1.446
1.13757
1.43584
1.33711
