4.0874
4.01761
4.19764
3.99751
4.20779
4.35822
4.6623
4.0196
4.01401
4.33202
3.84445
4.3573
4.22754
4.02389
4.15734
3.88038
4.22927
3.9098
3.58123
4.08874
3.82126
4.15552
3.88654
4.19689
4.20282
4.42042
4.04133
4.04265
4.2655
4.23677
4.37335
4.06021
4.25048
4.01601
4.33841
3.82737
3.86729
4.0803
4.02766
4.49125
3.58463
4.30814
3.86005
4.28824
3.59959
4.42357
4.14842
4.16291
3.70088
4.07236
4.21664
3.82877
3.52435
4.00501
4.18156
4.33653
4.07735
4.36217
4.46096
3.71416
4.25481
3.96502
4.36224
4.41456
4.24244
4.11095
4.16544
4.44473
4.00895
4.1615
4.1087
4.24995
4.18385
4.05911
4.12469
4.26299
4.03346
3.85004
4.03254
4.19637
3.84042
3.42431
3.70418
4.00516
3.98688
4.22165
4.20855
4.08099
4.15666
3.95582
4.55145
3.94372
4.29098
4.2178
4.4165
4.12421
4.04149
3.56252
4.18061
4.0398
4.41539
4.36892
4.11249
4.03422
4.37988
4.24091
4.31473
3.66346
4.05784
4.23675
3.96828
3.97955
3.703
4.18368
4.4645
4.31577
3.72544
4.06024
4.27742
4.08328
3.94085
4.10865
4.02917
4.40738
3.90672
4.05388
3.77163
3.81747
4.28663
4.28122
4.09945
4.21374
4.19414
4.37366
3.82931
4.15771
4.24298
4.15431
4.08459
4.41474
4.08072
4.16815
4.34737
4.24531
4.12198
4.14454
4.131
3.85132
3.79672
4.22009
4.30234
4.24396
3.9032
4.06746
4.18466
4.24879
3.972
4.2239
3.99797
3.95156
3.99629
3.79204
3.81536
4.43709
4.00283
4.55203
3.94514
3.92022
3.99143
4.36974
4.47305
4.41616
4.27194
3.95023
4.13994
4.23074
3.63193
4.36635
4.46738
3.79698
4.34989
4.2713
4.1844
4.16387
4.00815
4.08661
3.9687
4.2666
4.00933
4.2722
4.38341
3.88902
3.94652
3.73627
4.00119
4.07362
4.01289
4.19346
4.01705
4.3042
4.19839
4.21518
3.55146
4.31694
3.79956
3.97359
4.10251
3.83309
4.20813
3.86066
4.21414
4.04819
4.17245
4.37248
3.96865
3.9963
3.72951
3.93547
4.26561
4.04061
3.94674
3.75226
3.91725
3.9734
3.94479
3.8795
3.7821
4.15013
3.58174
3.80788
3.99982
4.02313
3.5214
4.34678
3.73055
3.86735
4.34347
4.10844
3.74737
3.80801
4.39554
3.75978
4.31115
3.97619
3.95558
4.36222
3.91677
3.84806
4.15086
4.00056
4.19671
3.85178
4.14327
3.87807
3.34233
4.12785
3.74374
3.93112
4.09219
4.06441
4.20927
4.01308
3.87576
4.17758
4.16075
3.84361
3.86263
4.04939
3.95881
4.12022
4.12963
4.03946
3.96408
3.2637
3.92413
3.8668
3.83508
4.1116
3.9874
3.66305
3.85221
3.9244
4.0364
4.10874
3.809
3.97525
4.05631
4.17542
4.29877
4.24707
4.1649
3.91431
4.09072
4.03667
4.04686
4.11269
4.16189
4.18055
3.90258
4.0574
3.92308
3.77646
4.42997
3.82575
4.19481
4.17891
4.43923
4.27
4.26789
4.01117
3.96647
3.83603
3.78709
4.28362
4.6126
4.4725
4.20364
4.24008
4.00154
4.28558
4.07223
4.65283
4.37471
3.90692
4.3538
3.87127
3.95244
4.3591
3.79165
4.35654
4.24143
3.86122
3.69075
4.3807
3.43035
4.2175
4.26682
4.28229
3.78772
4.01505
3.93212
3.69378
3.75396
4.06179
4.19
4.22957
3.99853
3.84229
4.20069
4.29767
4.21598
4.1769
4.28558
4.24184
3.91848
4.19401
4.24632
3.9002
4.39999
4.0182
4.23858
3.63899
4.31739
4.30116
4.16793
4.05925
4.13989
4.02539
4.23962
4.32549
3.84309
4.49692
3.9213
3.91591
3.64969
4.02899
3.76947
4.01791
4.12589
3.86874
4.3389
4.50229
4.54283
3.96732
4.10843
4.26799
4.02944
4.35485
4.54936
4.10846
4.47551
3.863
4.20551
4.56598
3.87116
4.19641
4.17135
3.91332
3.89975
3.89966
3.93933
4.39257
4.08822
4.04214
4.10132
4.14289
4.00442
4.32204
4.1168
3.84257
4.4785
3.81
3.80256
3.90367
4.27475
4.17302
4.45412
3.81558
4.11025
4.26878
4.05909
4.11645
4.23178
4.04009
4.22723
3.97068
3.74979
4.30837
4.09938
4.02433
4.04362
3.93772
3.85396
3.70288
3.82544
4.17464
3.97048
3.72166
3.99208
4.47475
4.24887
3.74368
4.01446
4.02482
3.94947
3.95898
4.13347
3.99502
3.95897
4.31957
4.27531
4.68759
3.74999
4.49284
4.16116
3.91338
4.00406
3.8973
4.09309
4.07119
4.01586
4.31465
4.13143
4.27123
4.03339
4.4002
4.0338
4.10605
3.52873
3.96453
3.98134
4.31835
4.11061
3.98737
4.22183
4.13262
4.55864
4.23015
4.07423
4.11221
4.06999
4.09239
3.95032
4.059
3.92203
4.52437
4.03564
4.11807
4.48793
3.73204
4.02564
3.87036
4.1139
4.46828
3.65057
3.91127
4.3229
4.05206
3.76577
4.01349
4.05602
4.22203
3.76525
4.5873
4.35059
4.30682
3.9117
3.93668
4.21473
4.11046
4.6148
4.17921
4.17287
4.09427
4.05325
4.22611
4.12997
4.25381
3.92697
3.87962
3.74722
3.76
4.20047
3.92497
4.23354
4.2532
4.27266
4.19708
4.16358
4.29201
3.80638
3.97292
4.27651
3.76736
4.05314
4.01682
3.99515
3.83607
4.11154
4.31393
4.19749
3.93331
4.41303
3.58173
4.29498
4.19449
4.26877
3.96794
4.14141
4.08774
3.92763
4.36871
4.31532
3.73937
3.93887
4.03593
4.3937
4.3444
4.05237
4.17161
4.24398
4.09212
4.12423
3.81971
3.83427
3.96567
4.19635
3.76432
4.08393
4.31443
4.32373
4.66342
4.44076
4.00262
3.9775
3.8441
4.13513
4.0377
4.62494
4.31271
4.43602
4.56072
4.20504
3.81677
4.00729
4.1571
4.00113
4.04058
4.34609
4.13724
4.13598
4.20509
4.10498
3.7647
4.0368
4.11215
4.00906
4.18144
4.34736
4.0867
4.13712
4.07038
3.87151
4.30419
3.71527
4.17897
3.95115
4.12721
4.21295
4.18874
4.02228
4.16565
4.06635
3.84436
3.98348
4.30497
3.96825
4.19798
3.98504
4.01362
4.15646
4.15517
3.72662
4.38357
3.83136
4.27169
3.9138
4.12425
4.01695
4.40843
4.02749
4.46363
4.25482
4.3819
3.93167
3.68923
3.65976
4.10516
4.16086
3.87765
4.43759
3.75881
4.00861
4.23769
4.42837
4.1745
3.94501
4.3874
3.9956
4.00339
4.07803
4.25197
4.29095
4.17272
3.85981
3.98936
3.95415
3.82139
4.11962
3.75547
4.16164
4.26714
4.39085
4.08434
4.17682
4.26205
4.04861
4.32755
4.08962
3.96669
4.17226
3.92719
3.97865
4.34338
4.42977
4.27781
3.92031
4.18502
4.52737
4.49835
4.29589
4.29223
4.72943
4.36633
4.17284
3.93709
4.44723
4.06512
4.21419
4.23458
4.45288
4.22047
4.02339
4.33712
4.36179
4.48857
4.11298
4.48049
3.44578
4.46856
4.38517
4.37952
4.53164
4.45035
3.75908
4.24372
4.20223
4.76859
4.03446
4.11156
4.26521
4.61961
4.2584
4.26478
4.38742
4.27883
4.05158
4.34964
4.11644
4.08692
4.17494
4.34098
4.57728
4.79039
4.23576
4.68021
3.97932
4.45067
3.92334
4.25603
4.3442
4.19216
4.5476
4.26755
4.195
4.65363
4.26786
4.52841
4.09969
4.36195
4.29691
4.51228
4.37163
4.48245
4.28576
4.54376
4.64488
4.29038
4.47629
3.9929
4.17584
3.6767
4.47811
3.87337
4.48958
4.37452
4.14688
3.80165
4.2722
4.4256
3.64003
4.69449
4.25365
4.22044
4.37394
3.98148
3.93354
4.04156
4.09692
4.29749
4.00853
4.30785
4.20673
4.32856
4.38057
3.86647
3.88564
4.14473
3.77471
4.36446
4.27956
4.32651
4.20675
3.92044
4.15131
4.04591
4.22615
4.42349
4.10354
3.93653
4.35118
3.89222
4.02327
3.97864
4.64338
4.11501
3.56982
4.01546
4.28293
4.06698
4.1503
4.13671
4.23367
4.31823
4.2357
4.06203
4.11628
4.17708
4.19735
4.21793
4.08486
4.12664
4.22574
4.34693
4.26731
3.77989
4.51998
3.96619
4.16302
4.2588
4.03284
4.23688
4.39582
4.07156
3.85155
4.29327
4.14259
4.17259
4.39081
4.18733
4.32525
4.21582
4.2187
4.10496
3.81734
3.97518
4.05581
3.78384
4.05269
4.20493
4.03901
3.90123
4.20625
4.157
4.09297
4.13353
3.80514
3.83605
4.18853
3.98773
4.40109
3.96928
4.0269
4.26399
4.23736
4.03463
4.0749
4.10178
3.93999
4.24997
4.21002
4.34164
3.94926
4.18113
3.99781
3.9027
4.20451
4.14021
4.08069
4.00586
4.46199
3.81087
4.06385
3.80225
4.41584
4.14959
4.2776
3.78161
4.23911
4.3622
4.07306
3.72022
4.34562
3.8459
3.97656
4.00417
3.92214
4.24693
3.93451
4.05353
4.00722
4.36899
4.09951
4.2067
3.78354
4.6019
4.18871
3.67931
3.77368
4.12536
4.04304
4.18855
3.89456
4.15696
4.14092
4.0711
4.04927
3.8443
4.20165
4.25195
4.02798
4.3303
4.05327
4.23615
4.30444
3.87377
4.27697
4.15597
4.10393
4.23738
4.36458
4.4358
4.17993
3.94321
4.23704
4.21495
4.53808
3.75012
3.83475
4.15843
4.0234
3.98937
4.14337
4.06419
4.48017
3.98812
4.35252
4.03397
3.80993
3.72005
4.1736
3.90584
3.88893
4.11002
4.09574
3.96981
4.39229
3.69152
4.15371
3.76303
4.28335
3.84419
4.29396
3.80316
3.78598
4.25206
3.91192
3.69367
4.27835
4.01974
4.21506
4.01313
3.78743
4.07776
3.79643
4.29821
3.98739
4.05368
4.11174
3.88793
4.09243
3.85714
3.97901
4.0565
3.84151
4.08084
4.12214
4.38706
4.01685
4.16844
4.28619
3.74509
4.01094
4.06401
4.25504
3.93301
3.82018
4.18114
4.03507
4.20403
3.77313
3.80286
3.79365
4.10271
4.34699
3.92591
3.6966
3.82929
3.72362
3.95857
3.98313
4.29389
4.3035
4.15561
4.12163
3.63523
4.13714
4.44436
3.9597
3.93451
4.08436
3.91293
4.24436
3.9522
4.23301
4.062
4.15396
4.27411
3.73531
3.96583
4.04014
4.49377
3.96916
3.98653
4.06183
4.04571
4.37119
4.14384
3.82033
4.22
4.08051
4.04086
4.19695
4.19449
3.79904
4.22705
3.9367
3.65129
4.14123
4.21225
4.38039
3.60171
3.80908
3.96582
3.9224
3.78765
3.94993
4.48056
4.10654
3.90577
4.06474
3.98476
3.66032
3.96217
4.18313
3.92095
3.88333
4.16299
4.20972
4.14393
4.15405
4.02033
3.78816
3.74147
3.96499
4.15295
4.04108
3.93409
4.42443
4.25581
3.9272
3.53189
3.66452
3.81338
3.82102
3.87954
3.06634
4.00313
3.73489
3.8582
4.10083
4.33429
3.88891
3.80768
3.69665
3.79279
4.082
4.18878
4.20937
3.88364
4.14348
3.94493
3.68588
3.98109
3.78822
4.09244
3.94146
4.03949
4.50991
3.94953
3.80484
3.92669
4.10094
4.25332
3.47612
3.89477
3.84451
3.85671
3.75583
4.03571
4.07797
4.00475
3.80396
3.63094
4.05615
4.18585
4.14215
4.3068
3.78738
4.09306
4.0174
4.13573
3.74298
3.75132
4.0529
3.83771
4.17656
3.8519
3.82526
3.60771
4.01331
4.15914
3.85522
3.96609
4.26394
3.88009
3.69478
3.97552
4.22408
4.01162
4.23406
4.09373
4.2487
3.72668
3.94222
4.26202
4.06787
3.64673
4.28284
3.8484
4.05549
4.05397
4.11717
4.01725
4.13843
4.0513
4.11671
4.02675
3.74298
3.86983
4.09438
4.03582
4.1247
3.79669
3.90424
4.29863
3.84986
4.38305
4.05478
3.92437
4.2744
4.25897
4.01845
3.88716
4.39159
4.22043
3.9291
4.03199
3.69534
3.99771
4.00371
4.36272
3.90619
4.10531
3.94581
4.02471
4.20136
3.77894
3.76566
4.41448
3.9903
3.87405
3.94728
3.81266
3.82801
4.06813
3.59018
4.44264
3.84146
4.02201
4.08296
3.85253
4.02953
3.7026
3.96929
3.77702
3.97225
3.83096
3.7641
4.02705
3.92403
3.79312
3.63425
4.08279
3.92861
3.66559
4.33326
3.52055
3.9884
3.87815
4.01315
4.01336
3.78037
3.58673
3.84952
4.05862
4.26268
3.99566
3.90946
3.91624
3.5147
3.93676
4.15026
3.79234
4.08647
4.00367
4.15263
4.10501
4.2349
3.77356
3.94571
3.84396
3.75979
3.97424
3.71165
4.24464
4.18211
3.5806
4.06261
3.94724
3.84622
3.9099
3.96677
3.60559
4.02994
4.00538
3.91984
4.17673
4.04426
3.90202
3.76991
4.18466
3.77028
4.26024
3.87524
3.65824
3.52049
4.34079
4.14683
3.99583
3.83404
4.06837
3.60975
4.28987
4.30168
4.27065
3.66386
3.99284
4.05948
4.26433
3.66655
3.93315
3.9487
3.90502
3.55221
4.06201
3.93917
3.96542
4.13373
3.96699
3.79398
4.09966
4.01986
3.91703
3.77935
4.1394
4.37803
4.70249
4.16795
4.04212
4.03786
4.39474
3.6624
4.12987
4.02098
4.05432
4.51602
3.87906
4.13923
4.19504
3.94723
4.44736
4.08246
4.18949
4.16925
4.18289
4.37589
4.48487
4.0191
4.20403
4.30502
4.12995
3.90142
4.17027
3.62255
4.45271
4.02272
3.85629
4.0615
3.63203
3.67889
4.17677
3.64352
4.40973
4.44742
4.1448
4.04873
4.0596
4.15844
4.18239
3.77215
4.14047
4.24491
4.00933
4.45456
4.40533
4.64022
3.78259
4.58722
3.98144
4.09278
4.07645
4.34614
3.97536
4.20509
3.72422
4.29954
4.12867
3.99262
4.03755
4.51859
3.94027
3.96332
3.7479
4.04301
3.98406
4.27639
4.09083
4.48785
4.00586
4.22295
4.17785
4.20285
4.00652
3.85001
3.86546
3.99416
4.33541
4.20118
4.00347
4.17767
4.24527
4.05413
3.59796
3.80581
4.09405
3.94796
3.86474
4.03573
4.28634
3.82618
3.29455
3.60423
3.67677
4.04121
4.25505
4.07686
4.07339
4.06398
4.06434
4.26348
3.71604
4.21344
4.12111
4.0363
4.06265
4.37738
4.08973
3.95663
3.99363
4.09974
4.01996
3.87058
3.93996
3.71866
4.19017
3.88727
4.25255
3.87824
3.79082
3.57964
4.26297
3.82031
4.04883
4.1639
3.88458
3.97546
3.97743
4.02607
3.39137
4.23822
3.61495
4.07642
3.97622
4.06978
4.02723
3.78328
3.88419
3.86102
4.12919
4.06642
3.92277
3.95796
3.67871
4.27946
4.15599
3.61574
3.73432
3.68
3.60164
4.12426
4.19835
3.53845
3.94494
4.30911
3.70037
4.13646
4.48632
4.0139
3.94734
3.84264
4.17218
3.78949
4.00226
3.90176
4.30552
3.55767
3.87569
3.93713
4.30799
4.29328
4.17312
4.43792
4.28345
3.9951
3.92112
4.34135
4.4268
4.12127
4.21137
4.21827
4.02738
4.10697
4.1178
4.12907
4.23014
4.05617
4.00239
4.27071
3.83658
4.49613
4.30942
3.59569
4.49797
3.85093
4.24916
4.218
4.13427
4.23703
4.04611
4.32587
4.18136
4.08821
4.35233
4.03186
4.1935
4.27905
4.09129
4.15093
3.7828
4.56922
3.99199
4.41156
3.99214
4.21645
4.43545
3.91852
4.02946
4.04804
4.63595
4.39005
4.06726
4.13281
4.43645
3.8595
3.83079
4.26049
4.39218
4.19286
4.11806
3.9672
4.2556
4.00011
4.31398
4.13557
4.06712
3.85021
3.76013
4.71773
4.26316
4.54157
4.22323
4.16548
3.78706
4.08186
4.03132
4.4062
4.23358
3.81114
4.13411
4.41658
4.44715
3.94275
4.2545
4.28101
4.03912
3.74693
3.62991
4.09343
4.20706
4.3586
3.87094
3.77182
3.9558
3.89962
3.88951
4.06896
3.9217
4.29571
4.06459
4.07569
3.99674
4.30952
4.01875
3.70785
4.27115
4.0988
4.12025
3.90854
4.53994
4.17485
4.15519
3.80408
3.76783
4.23542
3.90554
4.21239
3.78698
4.09692
4.4033
3.91818
3.75354
4.29304
3.89095
4.17203
3.93511
4.4436
4.62125
4.40765
3.67803
3.74916
4.25217
4.17425
4.00992
4.43277
4.24996
3.95456
3.95826
4.21189
4.38273
4.30182
4.32501
4.33956
3.9794
4.11848
3.88369
4.13792
3.89727
4.00209
3.89986
4.39685
4.13537
4.42041
4.08987
4.22278
3.94052
4.14435
3.78968
3.77599
3.89721
4.16974
4.0919
4.01444
4.37613
4.44
4.26927
4.40556
4.04819
4.15902
4.14464
4.26171
4.7197
4.31236
4.18819
4.18905
4.10881
4.17837
3.94235
3.98383
4.50214
4.22979
3.6683
4.15942
4.05545
4.486
4.11854
4.15228
3.95498
4.26886
3.92794
4.35522
4.24052
4.19116
4.06499
4.23086
4.62981
4.3879
4.2576
4.32781
4.32171
3.92831
4.22021
4.57028
4.1956
4.27809
4.62378
4.23097
4.45602
4.32544
4.22077
4.03656
3.91117
4.29842
4.13952
4.34882
4.04857
4.30841
4.62006
3.98984
4.09165
4.40723
4.24501
3.93252
3.95678
4.15464
4.04684
4.50944
4.33395
4.18503
4.58068
4.19818
4.57038
4.34622
4.38754
3.66011
3.93841
4.29599
4.03919
4.38523
4.15335
4.10344
3.9278
3.95604
4.04483
4.28396
4.21729
4.0068
3.50784
3.81433
4.26703
3.84888
4.5277
3.83967
3.68601
4.01405
3.88062
3.896
3.91723
4.12909
3.76679
4.20119
3.99722
3.95189
3.93208
3.7989
3.68529
4.43314
3.83748
3.59223
3.54674
4.05806
3.68848
3.79731
3.72353
3.82671
3.64394
3.88781
3.97488
4.14413
4.0084
3.89573
3.83927
3.71582
4.49424
3.89517
4.14269
4.2367
3.78292
4.26563
3.83555
3.86567
3.89366
3.87615
4.36348
3.9428
3.35663
4.14645
4.14044
3.88343
4.07407
4.11952
4.23327
3.91037
3.88832
3.74835
4.0381
3.86169
3.95366
3.9357
3.94774
3.63487
4.49727
3.94483
4.19238
3.7709
3.83583
3.48716
3.78612
3.77386
3.94038
4.23732
3.95885
4.10133
4.1294
4.12757
4.43829
3.72008
4.18042
3.78628
3.90303
3.8246
3.87109
4.10948
4.04631
4.31795
3.96863
4.00319
3.89351
3.79487
3.40097
4.17519
3.76966
3.85364
4.01254
3.91803
4.35927
4.34656
3.79655
4.19659
3.98283
4.17553
3.63302
4.17114
4.16587
4.32275
3.88859
4.13541
3.97053
4.26868
4.13635
3.76961
3.93936
4.11084
3.61391
4.18872
4.21655
3.8304
3.97976
3.74966
3.87641
3.89593
4.6076
4.14224
4.18566
3.73954
4.13599
3.79782
4.03833
3.72242
4.34658
4.26241
4.02477
3.80882
3.95843
3.94972
3.72233
3.8364
3.93827
3.8188
4.06035
4.29132
4.11575
4.07484
3.7017
4.29329
3.70048
4.21886
4.21125
4.16964
3.94749
3.82603
4.03101
4.23974
4.06359
3.92627
3.82733
4.18698
4.48467
4.31691
4.10186
4.30878
3.95909
3.85883
4.00402
3.76764
4.13617
4.15998
3.86271
3.59263
4.11024
4.17207
3.79551
3.87254
4.23101
4.03177
4.11817
3.69468
3.74136
3.72255
3.70276
4.08405
4.10466
3.82727
4.183
4.15568
4.57477
4.35384
3.78221
4.20099
3.88942
3.98241
4.10986
4.28318
3.87085
3.93938
4.04224
3.82203
4.13941
3.95754
3.86404
4.19241
4.08049
4.03467
3.79736
4.08971
3.94757
3.93301
3.61301
4.13382
3.63766
3.79489
4.00594
3.92731
4.19001
3.91191
4.05798
4.01758
4.12375
4.39942
4.22129
3.92193
4.05865
4.05192
4.18585
4.04447
4.07541
3.71778
3.91566
4.34563
4.0485
4.25034
4.04726
3.81673
3.72265
4.2508
4.54453
4.11971
4.09408
3.94873
3.74437
3.92059
4.14361
3.91516
4.39322
4.14587
4.16756
3.73292
4.12087
3.92923
4.27566
4.39095
3.91982
3.89007
3.94242
3.78993
4.03064
3.61899
4.26257
4.33262
3.62754
4.06745
4.37925
4.036
4.32117
4.00238
4.07134
4.44195
4.19311
4.16944
4.35668
4.28747
3.69786
4.55221
3.67066
4.36588
3.79783
4.5944
4.21855
4.34488
3.97438
4.29423
4.17325
4.16675
4.254
3.9249
3.98784
3.82347
4.22459
4.17043
3.97034
4.16729
3.76549
4.41067
4.0645
4.3005
4.17394
4.24227
4.12496
4.26789
4.59967
3.98614
4.30788
4.33257
4.04687
3.89729
3.70902
4.256
4.01087
3.8146
4.22169
4.11335
4.12601
3.99158
4.1824
3.87953
4.00115
3.63805
3.94235
4.08375
3.95172
3.97348
3.75396
3.98077
3.93078
3.77989
3.83103
3.89386
3.92178
4.02505
3.93023
4.17577
3.71505
3.75328
3.86576
4.1404
3.98152
3.84094
4.26766
4.1121
4.39883
4.00857
4.22989
3.49848
3.8782
4.04813
4.07095
3.73053
4.36978
4.47244
3.73572
4.19638
4.18486
4.05081
4.27004
4.20816
4.01952
4.07862
4.11556
3.97973
3.96006
3.76986
4.15875
3.90174
3.96197
3.86409
3.57918
3.94514
3.99241
4.5678
3.94737
4.26161
3.72826
4.06596
4.15326
4.11144
4.3811
3.72353
3.90045
3.69489
3.89155
4.23858
4.13934
4.08958
3.95056
4.12864
4.39618
4.49335
4.3573
4.41706
4.13176
4.3663
4.38209
4.38769
4.0829
4.2303
4.34985
4.38201
4.1853
4.76982
4.13039
4.09644
4.32472
3.78238
4.09238
3.77126
4.06881
4.30084
4.29643
4.36451
4.03018
4.27328
3.91406
4.47056
4.31937
4.42761
4.07866
4.13396
3.93525
4.12421
4.22229
4.11731
4.36798
4.33225
4.23496
3.92533
3.99411
4.03401
4.30707
4.43943
4.24757
4.23415
4.23399
3.99906
4.07127
4.51853
3.96386
4.24338
4.15952
4.13673
4.39023
3.85538
4.17978
3.90342
4.44297
3.93637
4.16758
4.06373
3.91603
4.34984
3.80863
4.16019
4.07854
3.97543
4.33732
4.0109
4.52991
4.14917
4.10892
4.22331
4.47254
4.33748
3.74408
4.48658
4.08107
3.78017
4.01029
4.28187
4.26262
4.49884
4.14572
4.02465
4.20545
4.33551
4.26995
3.96694
3.98026
4.51122
4.03878
4.19909
4.25733
4.35177
4.13736
4.17946
4.49581
4.41212
4.20791
4.35167
4.45819
4.31417
4.19152
4.35037
3.89422
4.22465
4.36992
3.94174
4.39296
4.10256
4.27421
3.96139
4.35637
4.13992
4.55032
4.67861
4.36478
4.14889
3.93182
4.3826
4.21249
4.16639
3.53512
4.2129
4.36176
4.16904
4.25193
4.21157
3.99825
3.98812
4.60679
3.63813
4.39135
4.3035
3.91523
4.05646
3.93083
4.35872
3.89352
4.10347
3.96232
4.08137
3.7774
3.68961
4.2088
4.42832
4.11486
3.70405
4.38343
3.89775
3.82712
3.97298
3.9183
3.93191
4.27447
4.1692
3.85492
4.21384
3.9893
4.213
4.07799
4.06512
4.20789
4.1652
3.88824
3.9839
4.0201
4.19957
3.90836
3.79086
3.96587
3.62788
4.15126
4.44569
3.96204
4.24452
4.37145
4.00208
4.25499
4.42669
4.09762
4.3135
4.04858
4.23798
4.15852
3.85916
4.37442
4.0372
4.17863
4.37787
4.45452
4.43547
4.12897
4.31531
3.88964
4.09507
4.48539
4.30734
4.04603
3.87809
4.04748
4.49114
4.45333
3.69837
3.96621
3.94043
4.32257
4.30171
4.29799
3.86312
3.80785
4.07373
4.26531
3.93024
4.07893
3.63723
3.61092
3.92314
3.91087
3.8065
4.03795
3.61527
3.8979
4.09968
3.47925
4.20781
4.26113
3.44821
3.80248
3.71317
3.97288
3.64784
3.78305
3.77946
3.7615
3.91342
3.92726
3.7203
4.09703
3.82952
4.38201
4.00341
4.20999
3.59642
4.24323
3.74135
3.53466
3.86354
3.83416
3.60732
3.81389
3.69608
3.9172
3.96513
3.67501
3.97574
4.00022
3.92754
3.8839
4.07157
3.97795
3.73289
3.78139
4.10195
3.81591
3.57082
3.67191
4.01932
3.93426
3.8761
3.97343
3.87114
3.899
3.89177
3.65938
3.55377
3.7435
3.82747
4.00281
4.0732
4.03615
3.91963
3.29556
3.59007
3.84637
3.68367
3.73682
4.28327
4.25147
4.23833
4.11371
3.97338
3.78376
3.81449
3.82653
3.90784
4.22893
4.01846
3.86177
4.22935
3.92492
4.21108
3.80906
4.00752
4.19021
3.61523
4.07861
3.89185
3.95276
3.9793
4.02321
3.96111
4.02521
3.78558
4.07968
4.07586
4.08648
4.00374
4.10273
4.3081
3.8007
3.74582
3.98893
3.96193
3.90507
4.14888
4.47478
4.1553
3.84189
3.93055
4.08627
3.71893
3.33264
4.11259
3.84892
3.80261
3.97129
3.9362
4.11999
4.07731
3.88123
4.02084
3.94867
3.94747
4.04668
4.00013
3.80865
3.68163
3.99307
4.20791
3.90006
4.18802
4.10144
3.94787
3.76214
3.59993
4.01267
3.59503
3.80102
4.27302
4.02356
4.17592
3.92994
4.04669
4.05773
4.07888
4.18058
4.40102
3.81075
4.09952
4.42151
3.87937
3.9583
4.04277
3.90066
4.14996
4.35031
4.30101
3.83012
4.00044
3.96763
4.19007
3.7656
4.14205
4.06337
4.12835
3.81867
4.09872
4.26935
4.06042
4.01546
4.04812
4.03648
4.03799
4.0023
4.03457
4.43414
3.85413
4.23979
3.81242
4.40193
3.97029
4.28276
4.45563
4.15357
4.04611
3.94996
4.08371
4.03299
4.1848
3.93707
4.09252
4.00943
3.92599
3.92002
3.96958
3.80201
3.94194
4.39713
4.14929
4.00967
3.99563
4.11114
4.35763
4.06757
4.49571
4.08404
3.857
4.03536
3.90344
3.92856
4.14498
4.23215
4.55511
4.36974
4.10521
4.32837
3.8505
4.0482
4.10719
3.65727
4.10941
4.48896
4.47269
4.08179
4.15844
3.82954
3.91598
3.94102
4.0368
3.91642
3.94694
4.04944
4.10038
3.90133
4.47651
3.88003
4.01059
3.81666
3.80908
3.81728
3.92816
4.10401
4.0915
4.24956
4.3195
3.74855
3.98358
4.10727
4.16065
4.14251
4.01578
4.15318
4.0443
4.52913
4.08663
3.85254
4.10621
4.03442
4.0182
3.98601
3.59515
4.07745
3.60495
3.80589
4.16899
4.35535
4.36007
4.09454
4.10229
4.06008
4.25166
4.10674
4.13489
3.92648
4.15594
4.07279
4.1695
4.53536
4.37882
4.57333
4.46895
4.09226
4.19615
4.19913
4.17391
3.73972
4.08004
4.28437
4.58918
4.10781
4.50067
4.0904
4.54635
3.99123
4.09702
4.49517
4.37453
4.12883
4.36632
4.50833
4.17609
4.11687
4.58798
4.2754
4.02772
4.29705
4.14322
4.21667
4.1785
4.23391
4.48613
4.38207
4.53415
4.05647
3.97359
4.51731
4.22034
4.30401
3.99074
4.42252
4.34149
4.37513
3.9848
3.76101
4.30011
4.37935
4.15161
3.83541
4.08265
4.57416
4.0335
4.09226
4.39383
3.90776
4.51248
4.13723
4.54933
4.52127
4.52552
4.13218
3.96194
4.00898
3.70538
4.33175
3.91279
4.32848
3.70479
3.83602
4.38367
3.84196
3.90817
3.87101
3.61179
3.98731
3.63033
3.73667
3.79861
4.12683
4.20637
3.63144
4.16346
4.06101
4.26387
3.60422
3.66648
4.15197
3.92602
4.06873
4.19126
4.16767
3.90622
4.2159
4.18769
3.68969
3.97634
4.05093
3.97979
3.97496
3.62943
3.82511
3.5518
3.97821
4.0887
4.19164
4.08771
4.27456
4.15648
3.85593
3.97283
4.3547
4.04892
3.89624
4.08871
4.00252
4.10037
3.66383
3.86636
3.69897
4.01457
4.01857
4.27095
4.01334
4.28352
4.04202
3.75013
3.99053
4.08581
4.02625
4.29187
3.80464
4.17219
4.00392
3.99069
4.0152
4.28853
4.32025
4.42286
4.25162
3.94772
4.30255
4.14958
3.72233
4.24641
4.13723
4.09134
3.91064
3.80798
4.40149
3.87799
4.2655
4.10763
4.16619
3.91786
4.1833
4.54495
3.76501
4.34893
4.20479
4.46631
3.95344
4.34837
4.31662
4.05738
3.92218
4.31981
4.69411
3.93298
4.23682
3.8305
4.13537
4.24378
4.23582
4.03022
4.32849
4.2687
4.38979
4.19338
4.23297
4.18069
4.22507
4.33956
3.56856
4.09768
3.87914
4.26673
4.25285
4.19538
4.15453
4.40735
4.20139
4.44042
4.04066
4.25718
3.96851
4.21091
4.18828
3.85428
3.93325
4.15604
4.15658
4.17577
4.54427
3.83366
3.86832
4.08873
4.35044
3.71375
3.96479
4.08295
4.25404
4.32236
3.67062
4.21258
4.21934
4.0424
4.10598
3.66539
3.66443
4.00581
3.8606
3.94584
4.50167
4.0398
4.28457
3.62022
4.13227
4.04741
4.20496
3.73824
4.30385
4.72269
4.2138
3.96711
4.38005
4.09768
4.22741
3.94939
4.24356
4.45404
4.0449
3.82243
3.93447
4.07824
4.06451
4.30869
4.26296
3.75553
3.73591
4.01197
3.9281
4.35208
3.64583
4.16827
4.04162
4.02247
3.8931
4.25111
4.09204
3.82355
4.13859
3.77042
3.8093
3.88411
4.27516
3.93546
4.22066
4.08147
3.77937
4.0199
4.30062
3.86005
3.70337
4.09032
4.10929
3.79462
3.89067
4.21647
3.87318
4.05145
4.23894
4.08472
4.1113
4.36085
3.95431
3.98168
3.97932
4.19242
3.80435
3.96058
3.884
4.37314
3.98461
4.23484
4.0827
4.36472
4.18015
4.32424
3.49953
4.57503
4.19546
4.10397
4.31206
3.73612
4.06916
4.35708
3.80848
3.89439
3.83549
4.19995
3.86862
3.99327
3.70628
3.99896
3.88535
4.03692
4.17371
4.09391
4.08941
4.16293
4.01503
4.01373
3.93985
3.96054
4.3467
3.70127
4.01033
3.94292
4.25073
4.15335
3.98772
3.77862
4.08307
3.70932
3.66177
3.97948
4.38515
3.75155
4.09602
4.00538
4.47114
3.97119
3.40639
3.876
4.1281
4.46536
3.91075
4.24566
4.10222
4.49514
4.02653
4.30889
3.92814
4.23319
4.2273
4.00796
4.15074
4.29035
4.51619
3.78047
4.42568
4.20804
4.52842
4.38524
4.41075
4.4017
4.19195
4.01947
4.03046
4.01468
3.87099
3.89982
3.69897
3.76137
3.92944
4.02142
3.94272
4.21094
4.20449
4.13483
4.26253
4.38438
4.0023
4.03426
3.89496
4.57353
3.60774
3.93069
4.3068
4.28819
4.28045
4.25427
3.82699
3.85974
4.31003
4.07826
4.23575
3.84989
4.18069
4.05222
4.06012
4.13697
3.90839
4.08675
4.18261
3.99276
3.85029
4.17388
4.16349
4.45385
4.34357
4.17303
4.03848
3.89279
4.08188
3.81958
4.07288
4.16042
4.07713
4.31169
4.16818
4.4907
4.27057
4.34574
4.00865
4.04708
4.10299
4.26042
4.19025
3.98314
3.59576
3.81355
4.03411
4.20292
3.83814
4.07952
3.86716
3.94746
4.39362
4.33774
3.69133
4.23502
3.94204
4.20388
4.10024
4.69144
3.67291
4.42552
3.82028
4.26463
3.68178
4.14637
4.24914
4.24841
3.91896
3.89553
4.15462
3.91306
3.96422
4.15536
3.76202
3.92053
3.82895
3.89777
4.41039
4.14626
4.14575
4.0971
3.88905
4.30816
3.77077
4.37945
3.70821
3.65021
3.87346
4.00501
4.309
3.61378
4.18992
4.17901
4.09186
3.96269
3.98178
4.12886
4.13271
4.01301
4.15963
4.20649
4.20971
4.12037
3.7445
4.29608
3.77685
4.33001
3.94253
3.97173
4.17623
4.17832
3.86867
4.02159
3.96334
4.16888
3.92148
4.04037
4.108
4.23877
4.06772
4.0801
4.1692
4.07402
4.07854
4.12767
4.02758
4.05081
4.06248
4.29044
3.94462
4.05215
4.18112
4.43424
4.20827
3.88185
4.04829
4.08861
4.12563
3.86825
3.99342
4.15089
4.27042
4.31653
4.29785
4.14505
4.6801
3.87646
4.2928
4.06836
4.37224
4.03346
4.1904
4.34651
3.99277
4.0805
4.03519
3.91264
4.33706
4.63593
4.03031
3.64708
4.30497
4.19261
4.23673
3.85517
4.01421
4.42502
4.53399
4.0905
3.77518
4.1077
3.947
4.13307
4.29673
4.05049
4.21789
4.30597
4.28668
4.59397
4.37636
3.94061
3.99904
3.71776
4.09425
3.89502
4.60084
4.0824
3.86498
4.0857
4.01762
3.92668
4.26188
3.77782
4.24711
4.29684
3.82635
4.18649
4.03072
4.15067
3.84688
4.19705
4.0439
3.97083
3.93178
4.12463
3.71612
3.74986
3.63294
3.82407
3.66222
4.1265
4.17564
4.16236
3.87042
4.13229
4.04145
4.10008
4.18179
3.83275
3.59737
4.30966
4.1448
4.24357
3.83508
3.45435
3.78322
4.03107
4.02307
3.69265
3.91627
3.89875
3.69121
3.96422
3.64145
4.14793
3.65704
4.30858
4.13238
3.88486
3.95849
4.29677
3.76086
4.02941
4.08749
4.01074
3.7617
3.75802
4.13113
4.01272
3.64553
3.9918
3.82168
3.84225
4.03346
3.93742
3.94594
3.73141
3.92239
4.33681
3.9705
3.84272
3.90561
4.19349
3.88915
4.21482
3.86697
4.15419
4.14873
4.01093
4.05128
4.01268
4.04202
3.94522
3.90299
4.08005
3.88015
3.97379
4.16916
4.16267
3.99183
4.21916
3.94276
3.80554
3.8639
3.98179
3.97323
3.77255
3.58138
3.97047
3.63114
4.1146
3.85685
4.1393
4.25323
4.01605
4.10819
4.13543
3.77849
3.8734
4.06008
3.87352
3.78018
4.12532
4.4032
4.04413
4.14855
4.5172
3.93953
3.90598
4.46549
3.94188
4.35799
4.24847
4.52912
4.03191
4.38056
4.02111
4.33958
4.23136
4.21379
4.20258
3.86438
4.15236
4.22185
3.41035
4.69481
4.32718
4.30837
4.2476
3.91733
4.04198
4.14595
4.62253
4.35981
4.28478
4.35355
4.24062
4.14983
4.05221
4.01957
4.19924
4.34062
4.29698
4.02797
4.17496
4.35589
4.02892
3.59603
4.34615
4.06228
4.46291
4.47726
4.4365
4.27155
4.0312
4.09342
3.5947
3.96251
4.15448
4.61526
3.97509
3.95249
4.35806
4.14639
3.9095
3.79741
4.29545
3.88632
3.7229
3.71698
4.10707
4.08573
4.01235
4.39266
4.27566
4.09991
4.03578
3.71252
4.07416
4.3073
4.23014
4.28114
3.87241
4.07915
4.13598
3.6967
4.0215
4.07581
4.19155
4.15247
4.18862
4.13857
3.81988
4.4433
4.21072
3.85249
4.06112
4.11753
3.82722
4.15525
3.65142
3.83897
3.96248
4.19291
3.83631
4.29462
4.24043
4.42072
4.08598
4.41541
4.05446
4.232
3.92232
4.27537
3.63198
4.36721
3.77711
4.36161
3.91329
3.93464
3.98217
4.10941
3.75812
3.565
3.99332
4.09417
3.69726
3.90572
4.10791
3.85211
4.08634
3.9951
4.09649
4.06702
4.40631
4.09601
4.10833
3.85565
3.70765
4.29236
3.87726
4.18255
3.76652
4.10538
4.32764
3.86513
3.70726
3.74161
3.51105
3.87751
4.14058
3.75904
4.16017
3.98833
4.23891
3.60681
3.7364
3.74415
4.07135
3.97986
3.71199
4.21677
4.07885
4.22508
3.91372
3.94536
4.20815
3.59006
4.19734
4.19649
3.65658
4.41304
4.22124
3.66593
3.7638
4.12212
3.93359
3.9898
3.9496
4.03954
3.88692
4.01875
4.22286
4.13877
4.18212
3.82657
3.91252
3.74744
4.3265
4.18045
4.37684
4.18364
4.15815
4.01817
3.88024
4.17915
3.95503
3.9985
4.38922
4.2767
3.82008
4.14854
3.73723
3.99274
4.14142
4.02497
3.96321
3.88903
3.90881
4.16272
3.69277
3.87301
4.08816
3.71206
3.80642
3.71983
4.60671
3.8969
4.2959
4.1993
4.29682
3.59524
4.23636
3.91421
3.8438
4.29847
4.3817
4.0277
4.04984
4.30038
4.13028
4.64653
4.45413
4.31489
4.27615
4.03734
4.01554
4.06624
4.51191
4.7578
3.91259
4.30041
4.28716
4.2647
4.15072
4.14015
4.76694
4.37717
3.84224
4.53954
4.24205
4.28078
4.18792
4.41833
4.38548
4.16577
4.46219
4.19699
4.48531
4.58994
4.38993
4.17748
4.106
3.80035
4.13047
4.51123
4.473
4.267
4.4178
3.89881
4.44985
4.15063
4.34699
4.13474
4.33039
4.48398
3.86907
3.81902
4.17157
3.89241
4.36685
4.17189
4.06372
4.38374
4.22617
4.18434
4.0115
4.17501
4.0103
4.1913
3.38456
3.7692
4.07271
4.24773
3.85271
3.88423
3.91089
4.0243
4.36732
3.6766
4.01042
3.6933
4.17331
4.17987
3.87681
4.28326
3.97676
4.05944
4.01111
3.81083
4.17829
3.99756
3.87561
3.76804
4.05688
4.07565
4.23728
3.88393
4.10289
3.88155
4.06695
3.97675
4.01738
4.3202
4.0667
4.11605
3.97039
3.68953
4.18753
3.74497
3.8901
4.03927
3.45778
3.82825
4.28661
4.24355
4.16212
3.84719
4.54477
4.33009
4.07385
4.41321
3.93127
3.95931
4.08808
4.00491
4.20018
4.25359
3.45444
3.69992
3.91994
4.10773
3.85009
4.22081
4.13574
4.18113
3.70044
3.81539
3.52277
4.13689
3.93353
3.90993
4.26918
4.27911
4.24752
4.08025
3.86333
4.0259
4.03852
4.14579
3.57927
4.31627
4.17789
3.69946
4.16676
3.90597
4.01131
3.59993
4.33195
4.17379
4.12277
3.92303
3.58732
3.54913
3.32968
3.90298
3.72698
3.77389
3.76735
4.01525
4.44203
3.47138
3.88484
3.69411
3.93065
4.15319
3.92857
4.26159
3.92722
4.18505
3.9909
3.76361
3.93423
3.89952
4.17573
4.0586
3.71677
4.16557
4.06893
3.699
3.96151
4.23959
3.90956
3.62259
3.8466
3.74393
3.69859
3.94283
3.96401
4.29804
3.89852
4.12191
3.87699
4.08118
4.0217
4.24763
3.69254
3.9483
3.91068
3.74784
3.64444
3.84428
4.04257
3.99672
3.96076
4.18863
4.10995
4.11178
4.5687
3.99666
3.89645
4.33277
3.9769
3.84712
4.10929
4.25684
4.24496
3.81993
4.24361
3.51402
4.30544
4.46333
4.20871
4.14262
3.82881
4.38781
4.09835
3.94661
3.81072
3.90456
4.13471
4.12463
3.6409
3.78238
3.90012
3.80427
4.20445
3.92111
3.86178
4.18662
3.90138
4.06278
4.48306
4.15752
3.91198
3.83026
3.97384
4.50357
3.96442
4.04622
3.88425
3.82385
4.24356
4.2945
3.93832
3.85771
4.42417
4.1265
4.41746
4.02784
3.82408
4.05308
4.13016
4.12169
4.11481
3.89805
4.32892
3.75878
4.10245
3.99162
4.57001
4.31318
4.22188
3.92564
3.81419
4.04709
3.98215
4.09131
3.97478
4.31498
3.76324
3.92802
3.79693
3.81935
3.78148
4.08483
3.95052
4.01666
4.12898
4.60907
4.16185
4.23203
3.91064
4.10696
3.93074
4.22839
4.26813
3.65442
3.83338
4.0676
3.79098
3.40313
3.62523
3.98556
4.39799
3.80532
3.73674
3.94181
4.01565
4.15495
4.05344
4.3829
3.29078
4.35172
3.68038
3.92297
3.86499
4.03056
4.29143
4.06724
3.72706
4.0086
3.70096
3.78566
4.10156
3.99042
4.2597
3.51244
3.51932
3.90249
3.53516
4.10801
3.90972
3.76392
3.9133
3.96608
4.03103
3.90726
3.6566
3.93653
3.96247
3.96693
4.00828
4.08957
3.81091
3.66005
4.12491
4.18226
3.85986
4.33318
4.37236
4.07996
4.08061
3.7931
4.15569
4.49009
4.02187
3.94894
4.16334
4.23546
3.93894
3.73938
4.13432
4.0199
4.09646
4.01404
4.16198
4.29816
4.33661
3.69661
4.14494
3.76275
4.30933
3.65114
3.94213
3.74106
3.69068
3.94297
4.25009
3.8494
4.30477
3.83484
4.38944
4.17951
4.40743
3.79627
4.26709
3.95019
3.95419
3.65901
4.00424
4.07728
4.13124
4.06433
4.10987
4.42511
4.15211
4.02398
3.87164
4.18706
3.91863
4.2443
3.77817
4.18219
4.16377
4.32203
3.84609
4.24777
4.05467
4.17112
3.78181
4.63495
4.0061
4.04633
3.91968
4.05183
4.16604
4.24084
3.68721
4.12658
4.00023
3.80877
4.32255
4.21453
3.68542
3.87905
3.79767
4.01687
4.11973
4.58076
3.79486
4.1809
4.19726
4.25361
3.71663
4.17268
4.29795
3.95935
4.13636
4.15649
4.10021
3.93346
4.06555
4.43746
4.10561
4.27637
4.22866
4.15823
4.39836
3.76541
3.94883
4.21466
3.96716
4.31367
4.12225
4.08266
4.33584
3.9267
4.10677
4.10929
4.01128
4.24782
3.73454
4.21605
3.79239
3.93536
4.00487
4.0214
4.23767
4.083
4.06731
4.0602
4.17385
3.96404
4.24503
4.44972
3.76691
4.02268
3.87685
3.77631
4.03027
3.96165
4.09357
4.26905
3.98941
3.79814
3.82505
3.87997
3.76377
4.29991
3.74163
4.35664
3.8894
3.75964
4.10994
3.84565
4.6116
4.42704
4.05849
4.06733
4.24392
3.80786
4.28163
3.9808
4.3283
4.15367
4.05788
3.84809
3.746
4.21963
3.8054
3.75676
3.71996
4.27433
3.84538
4.15929
4.05075
4.09839
3.7632
3.63836
4.21396
4.15323
4.46379
4.18153
4.01558
4.09929
3.89483
4.17428
4.04444
3.93485
4.5253
4.30221
4.1275
4.38449
4.23758
3.87711
4.22857
4.05961
4.18671
4.08944
4.25004
4.14581
4.25259
3.77241
4.12902
4.30986
4.17932
3.85456
3.87077
3.55814
3.68969
3.76865
4.15084
4.23524
4.16415
4.04874
4.49478
4.54449
3.59166
4.1997
4.33233
4.38133
3.97446
4.14305
3.86416
4.44032
4.41153
3.92191
3.90575
4.04344
3.85969
4.05878
4.29067
4.12009
4.31923
4.43925
3.96942
3.68314
4.45657
4.06568
4.11204
4.2
4.47739
3.90439
4.22486
4.40638
4.16668
3.82489
4.23692
3.85059
3.85304
3.73888
3.76083
4.49379
4.08117
4.07808
4.10091
4.22849
4.32242
4.59582
4.28191
4.08677
4.05218
3.93179
4.1308
4.10037
4.58437
4.10072
4.1435
3.77668
4.31839
4.25294
4.21256
4.1135
4.1877
4.01606
3.87229
3.80475
3.87091
4.36071
4.16694
4.12507
4.07975
4.06653
4.28437
3.94698
3.86508
4.17425
3.81829
4.17441
4.00935
4.2558
4.07099
4.26161
4.15164
4.20899
3.8791
4.3
4.49122
4.34399
4.31345
3.7256
4.29542
4.12077
4.28324
4.4038
4.04379
3.99029
4.26404
4.0618
4.33966
4.54031
4.27448
3.93111
4.00776
4.22993
4.03178
3.90062
4.17172
3.7256
3.83908
4.15414
4.46823
3.97894
3.57831
4.26505
3.87947
3.95197
3.74993
4.36264
4.21163
4.19986
4.09006
4.0054
4.10828
3.60584
4.07576
4.25394
4.06837
4.10151
4.10372
3.6795
3.85866
4.08822
4.11073
4.12343
4.28512
3.77489
4.3306
4.13483
4.14177
3.88578
4.01875
3.72008
3.57106
4.24528
4.18637
4.18285
4.1778
3.96672
4.0568
3.92191
3.87467
3.91595
3.88179
3.90753
3.59273
3.92689
3.79388
3.86641
4.03985
3.74884
4.20574
3.96911
4.09328
4.14661
4.13084
4.04862
4.10599
3.89095
4.10663
3.91391
4.04277
3.83826
3.81384
3.90232
3.82234
4.29468
3.99371
4.31018
3.84998
4.31127
3.9635
4.10489
3.91142
4.02583
4.31928
4.04144
3.97219
3.73953
3.94528
4.13924
4.1358
3.84113
3.83378
3.66043
3.64765
4.1873
3.58708
3.85634
3.54385
4.127
3.85957
4.25618
4.27429
3.87435
3.59762
3.54224
3.7717
4.08623
3.99266
4.18843
4.14769
4.28961
4.34311
4.18544
4.13712
4.2244
4.12519
3.99074
4.36688
4.46929
3.87275
3.98694
3.68939
3.96527
4.14835
4.01687
3.72942
3.90164
3.7447
3.95085
3.77812
3.75638
4.28278
4.30103
4.18166
4.04064
4.14753
4.1719
4.21658
3.85667
4.02144
3.75602
4.39972
4.37151
4.13429
4.05045
4.17867
3.74721
4.11292
3.99089
4.21022
4.44486
4.32148
3.7779
4.19232
3.76604
4.09999
3.86818
4.00131
4.5792
4.32654
4.08398
4.18972
3.94963
4.1031
3.72218
3.65592
4.29141
3.90385
4.31616
4.30073
4.35204
3.89101
4.21197
4.13394
3.81614
3.91844
4.09521
4.45897
4.23651
3.63125
4.37175
4.00934
4.07914
3.90097
4.50921
4.0482
3.9364
4.47221
3.99143
4.19832
4.17617
4.12749
3.9453
4.18028
3.88289
3.77574
4.13296
3.90684
4.0768
4.14585
3.90908
3.81992
4.86757
3.98077
3.77843
4.32654
3.98595
3.90147
4.04396
4.27564
3.90001
4.25904
4.43785
4.49431
3.84027
4.22166
3.99976
4.29884
4.48946
4.1414
4.40315
3.97716
3.73624
3.80451
4.2547
4.02055
3.88624
4.22115
4.34303
3.45594
3.74468
4.0342
4.24933
4.26762
3.84528
4.24766
4.03634
4.13313
4.36855
4.29301
4.23254
4.11784
4.28156
3.8262
4.03425
3.94096
3.62212
3.79086
3.9503
4.38694
4.13372
4.08918
3.96249
3.94488
3.80347
3.97001
4.17168
4.34511
4.54564
3.85514
3.81779
4.1764
3.65547
4.27739
3.53273
4.14987
3.6532
4.4639
4.24295
4.20274
4.13377
4.1353
3.86529
4.09884
4.27595
3.92555
4.01841
4.444
4.26872
4.21581
3.98875
4.30259
4.42781
4.17021
3.99888
4.49359
4.0501
4.19429
4.01023
4.27891
4.07033
4.11541
4.27442
4.09588
4.12438
4.46903
4.27333
4.23714
4.0782
4.34891
4.36033
4.53558
4.1302
4.24891
4.17798
4.34028
4.43727
4.61752
4.09891
3.74682
4.50609
4.27807
4.3122
4.01655
4.00482
4.11179
3.99116
4.09632
3.76156
3.95702
3.27837
3.67622
3.7106
3.9218
3.72946
3.35442
4.18779
3.95171
4.29542
4.10319
4.09839
3.84093
3.81621
4.0361
3.82089
3.84892
4.19484
3.90881
3.83577
3.80336
3.88804
3.81579
3.92621
4.01137
3.92115
3.97564
3.97126
4.27375
4.56306
3.95159
4.08968
4.31695
3.82458
4.023
3.76857
4.03355
3.8789
3.78049
3.90818
4.47728
4.35099
4.22659
3.18479
3.65715
4.0229
3.92039
4.28151
4.26187
4.21453
4.00766
3.49548
3.71824
3.74786
4.1448
3.85117
3.8014
3.93573
3.94843
4.14847
4.16379
3.84381
3.8222
3.8297
3.74882
3.67263
4.05863
4.25699
4.02257
4.34154
3.97201
3.96597
4.11427
4.12732
4.09822
4.00574
4.50283
4.53615
4.10184
4.23889
4.26099
4.0284
3.98173
4.15278
4.34225
4.24032
4.05613
3.95484
3.97011
4.08728
4.53807
4.17274
4.12123
3.67504
4.02236
4.34883
4.61741
4.28959
4.02982
4.09916
4.35348
4.0013
4.19704
3.9025
4.41335
4.37253
4.4506
4.04065
3.91887
4.43555
4.14647
4.04268
3.79757
3.76763
4.10025
4.01325
4.31464
3.90864
4.36732
4.59039
4.71154
3.93548
4.24226
4.29733
4.15169
4.25501
4.399
4.40903
4.04728
4.00229
4.04255
3.94502
3.97588
3.91681
4.08207
4.18509
4.0079
4.16311
4.01465
3.76796
4.19969
4.10545
3.85917
3.942
3.84451
4.18283
4.29028
4.20051
4.06397
3.96102
3.81458
4.04621
3.38847
4.14981
4.27964
4.14855
4.11901
4.53904
4.22601
3.88916
4.47682
4.15438
4.34494
4.13891
4.01231
4.09883
3.99532
3.93984
3.79315
4.44418
4.36142
4.24742
4.22839
4.20522
3.93479
3.9781
4.45761
4.11984
3.87249
4.1735
4.01709
4.04103
4.32498
3.98627
4.12505
3.9147
3.88498
3.72813
3.52343
4.00654
3.62169
4.34365
3.90562
4.20718
4.26539
4.1261
4.06141
4.09475
4.3225
3.98751
4.16472
3.81831
4.08328
4.32253
4.06756
3.93607
4.40653
4.19215
3.71092
3.95384
4.20125
4.0208
3.32815
4.00894
3.91961
3.89185
4.4098
4.15552
4.01119
3.84806
4.34632
3.95471
3.85007
3.91929
4.0823
4.05243
3.65546
3.73434
3.6414
3.79041
3.87162
3.58133
4.16623
3.97748
3.9651
4.09566
4.05705
4.09219
4.05097
3.99222
3.45389
3.83857
3.82394
4.1633
4.17109
4.3819
3.88453
3.96078
3.85476
3.91987
4.00214
4.04658
3.82708
4.01481
4.1543
3.92166
3.9885
4.36374
3.78169
3.94693
3.72163
3.90263
3.50622
3.96185
4.20632
3.82462
3.96777
3.59353
3.96558
3.98909
4.04017
4.23077
3.68253
3.90038
4.27
4.1108
4.15372
3.98262
4.19596
4.01619
4.12924
4.20287
3.79337
4.11397
3.76784
4.15228
4.0297
4.07494
4.38002
4.05552
4.29898
4.13227
4.43283
4.11929
4.28804
4.43741
4.18551
4.11571
4.14032
4.05106
4.37137
3.51142
3.68346
3.87075
3.92047
3.85404
4.2186
4.23955
3.97643
4.08712
4.35095
4.31182
3.96424
4.14072
4.31365
3.87372
4.07863
3.88683
3.44109
3.89861
3.75037
4.14001
3.7859
4.04962
3.96402
4.27655
4.11387
4.02379
4.05657
3.79849
4.00692
3.57944
3.86836
3.96561
3.70419
3.3738
4.15949
4.22468
3.75529
4.055
4.30015
4.33985
4.05301
3.96831
4.22429
4.18873
4.07253
3.78754
3.73633
3.86669
3.70697
3.84074
4.01177
3.85858
3.78284
3.96036
4.17158
3.78724
4.10519
4.08411
4.37593
3.40687
4.11565
3.69336
4.19455
4.08084
4.12211
4.12825
3.82817
4.23577
4.27685
4.43892
3.75194
3.64707
4.10914
4.03154
4.35936
3.83519
4.35664
4.18218
4.08458
3.93089
4.2237
4.03664
3.58862
4.06704
3.90386
4.2611
4.18379
3.76875
4.38112
4.00732
4.44758
3.69323
3.91619
3.87163
4.01731
3.94512
4.1482
4.05247
4.02018
3.95271
4.29924
4.03706
3.72819
3.81265
4.24928
3.91141
3.45961
4.20196
4.35653
4.56542
3.94991
4.19264
4.0767
4.15704
4.09301
3.99051
4.15602
4.18144
4.18715
4.23433
3.99032
4.5252
3.82387
4.33316
4.07983
3.74484
4.33431
4.04316
3.77899
3.947
3.64399
4.01754
4.36291
4.15044
4.34849
4.32945
4.03812
3.98578
3.84798
4.10688
3.94949
3.88587
3.86141
3.99542
4.02995
4.33346
3.81897
3.70151
4.31372
4.16893
3.91114
4.22178
