2.87672
2.97825
3.41217
2.92896
3.04366
2.933
3.5603
2.83836
2.74062
2.66951
3.06635
2.672
3.13017
2.92335
2.8078
2.9505
2.54874
2.64864
2.93043
2.96933
3.14809
2.82294
2.76765
2.98665
2.8212
3.08565
2.94675
2.7408
2.54808
2.97642
2.39321
3.06384
2.31281
3.06674
3.25606
2.31372
2.97476
2.82195
2.60188
3.11739
3.35942
2.90705
2.98244
2.77553
2.81688
2.51278
2.89328
2.71823
3.03132
3.1822
2.67111
2.60176
2.88425
2.88056
3.22664
2.83015
2.70017
3.1822
3.03673
2.93649
3.20082
2.92491
3.00041
2.95725
2.75185
2.96059
2.91955
2.40626
2.96917
3.03946
2.9205
3.15911
2.90949
2.89062
2.83685
2.82595
2.91819
2.86123
3.00445
3.34917
3.23712
3.16037
2.79442
2.27664
2.78416
2.74099
2.86425
2.61314
2.62044
3.0053
3.03904
3.36165
2.65206
2.90017
2.98715
2.87115
2.6347
2.63323
3.03025
2.73791
3.57089
3.01163
3.45909
2.72346
3.30131
3.1379
2.68739
3.02013
3.46087
2.99461
2.97819
3.11455
3.08231
3.17741
2.88246
3.13315
3.14263
3.17761
2.76686
3.04379
3.04994
2.89163
2.62123
3.00689
2.74459
2.80514
2.83416
2.93812
2.90066
2.86129
3.02776
3.0756
3.00275
2.91835
3.30426
3.02727
2.74841
2.988
3.17133
2.81236
3.13036
2.9403
2.81946
2.98659
2.86935
2.74764
2.77486
2.808
3.01396
2.74305
2.96915
2.70132
2.92988
3.07962
2.68464
2.88482
2.81531
3.23822
3.38513
3.06009
3.28214
3.12213
2.89412
3.09151
2.83239
2.75367
3.11227
3.00097
3.21743
3.07707
3.09911
2.54983
2.83198
2.75385
2.88514
3.147
2.90762
3.10501
3.12766
2.94515
3.03236
2.66347
3.54046
2.73845
2.95922
2.79209
2.99055
2.94803
2.90249
3.32206
2.75066
3.12616
2.68447
3.37781
2.84086
3.27284
2.8329
3.26136
2.67354
2.67865
2.46085
2.98713
2.68673
2.83147
3.05172
3.04686
2.57759
2.97907
3.14356
2.77749
2.71912
3.20833
2.93837
2.95936
2.55487
2.61256
2.85232
3.38725
2.45211
2.79043
2.92879
2.79286
2.97715
2.60478
2.58662
2.81623
2.62177
2.79924
3.04272
3.26592
3.1187
3.19564
2.72777
2.58753
2.55404
3.19956
2.87861
2.84354
2.7206
2.64941
3.12958
3.00144
2.28654
2.64434
2.5822
3.15988
2.86416
2.5203
2.3516
3.00809
3.03799
2.62003
2.87507
2.7837
2.83332
3.39056
2.84758
2.9341
3.16027
2.95373
2.34678
3.01611
2.47101
3.25035
2.73811
2.68492
2.94525
2.97725
2.98893
3.02873
3.04838
2.83094
2.67165
2.3803
2.95698
2.98119
2.62223
2.6156
2.58853
2.97119
2.91474
2.91606
2.7316
2.8222
2.74251
2.89283
2.94019
3.05809
2.67752
2.60316
2.85303
3.19837
2.82513
2.78801
3.10307
3.34701
3.33049
3.1121
2.96099
3.21358
2.97942
3.08752
2.92433
3.28814
3.42189
3.08807
3.20858
3.27925
2.87025
2.96136
3.8651
3.52373
3.29698
3.03247
3.35407
3.29179
3.17669
3.03227
3.41276
3.21281
2.53592
3.25756
3.07649
3.0625
3.30557
3.26137
3.03706
3.07932
3.11597
3.19339
3.58606
3.05347
3.0539
2.76054
3.31287
3.43672
2.74391
3.31476
3.48303
3.06646
2.8812
3.2913
3.27293
3.01804
3.28898
3.1328
3.16833
3.38182
2.9633
3.03706
3.26378
3.15158
3.12136
3.08247
2.94289
3.2711
2.99474
3.78254
2.75258
2.97579
3.06056
3.54881
2.98187
3.30791
3.18092
3.1815
3.05805
3.47049
3.68141
2.93981
3.525
3.32691
3.21951
2.95367
3.16064
3.17807
3.23391
3.68225
3.57885
2.74956
3.22013
3.48404
2.93912
3.36745
3.23295
3.32143
2.85811
3.27532
3.27326
3.42153
2.65319
2.3841
2.66939
2.69905
2.69571
2.61872
2.69172
2.53288
2.97573
2.91132
2.92305
2.26767
2.61946
2.77779
2.68656
2.80176
2.97987
2.89927
3.19377
3.28432
2.49712
2.72376
2.90138
2.75715
2.88325
2.56629
2.77778
2.87529
2.55982
2.79256
2.78486
2.63708
2.76561
2.79326
2.95109
2.99928
3.17864
3.06297
2.4863
3.1122
2.80042
2.67933
2.97628
2.87947
2.42491
2.60838
2.86132
2.86256
2.79913
2.81902
2.91534
2.99138
2.55585
2.87163
2.94783
3.0247
2.80585
2.96243
2.59479
2.77367
2.39442
2.69009
3.19967
2.59953
3.20222
3.32068
3.00971
2.33312
2.86704
2.91327
2.76924
2.98986
2.46435
2.90446
3.08979
2.66284
2.93055
2.91399
2.43439
2.87155
2.59117
2.71818
3.0513
2.50295
2.31373
2.68427
3.2175
2.72704
3.10519
2.8623
2.43839
3.28498
2.54522
2.84066
2.63039
2.70725
2.82323
3.24517
3.17373
2.94782
2.82211
2.6036
3.18434
3.08227
2.8406
2.54686
3.20139
2.93392
3.30461
3.16306
3.16207
2.87645
2.86595
2.88789
3.29194
3.35005
3.47652
3.10121
2.91929
3.0351
2.893
3.01286
2.55956
3.11144
2.6639
3.22144
3.37146
3.15983
3.10886
2.87906
3.17355
3.02555
2.69539
3.01008
2.63814
2.80676
3.14617
2.70824
2.5388
3.23923
3.06172
2.97645
2.72934
2.807
2.84827
2.89817
3.21507
3.15103
3.14481
3.04668
2.78556
3.16666
2.99998
2.64825
2.57406
2.54647
3.14048
2.96222
3.60734
3.27073
2.89452
3.25879
3.2067
2.9939
2.86754
3.05401
2.49725
2.70855
3.02313
2.93781
2.94636
3.09297
2.89407
2.99255
2.97793
3.2266
2.92606
2.56138
2.33417
2.85873
3.3479
2.56937
2.94204
2.47423
3.0828
3.09158
3.25729
3.0646
2.95654
2.85222
3.14492
2.54548
2.72789
2.80272
2.94341
2.68959
2.60815
2.26463
2.42157
2.57235
2.93377
2.60532
2.62969
2.38671
2.47219
2.92944
2.75739
2.64186
2.88284
3.0628
2.91551
2.80607
2.71915
2.89031
2.75576
2.7193
2.81027
2.76855
3.22988
2.87516
2.87109
2.39831
2.76175
2.83415
2.49135
2.81417
2.67972
2.65445
2.43047
2.77158
2.59908
2.78406
2.69853
2.82959
2.97218
2.43809
2.249
2.83851
3.08793
2.77595
2.70517
3.13117
2.52222
2.97874
2.62159
2.71295
3.00721
2.76804
2.77807
2.54042
2.45722
2.83899
3.0199
2.56511
2.74979
2.80907
2.63752
2.65223
3.06342
2.62211
2.79763
2.86658
2.5759
2.77776
2.8146
2.68934
2.81044
2.86558
3.21066
2.91687
2.46201
2.15234
2.6305
2.73206
2.58009
3.02799
2.66662
2.72454
3.10247
2.89752
2.75821
2.78053
3.08166
2.82336
3.29571
2.90772
2.86457
3.08444
3.09926
2.71419
2.51735
3.42428
3.0933
2.7896
3.09983
3.24946
2.93258
2.76633
2.96677
2.85059
2.77502
3.06422
3.3345
3.43681
2.8057
2.78246
2.63435
3.25787
2.72013
2.70138
3.14717
3.11229
3.01554
3.02592
2.92671
3.34058
2.98919
2.65011
3.13684
2.99585
2.89334
3.3197
2.65292
2.41338
2.94348
3.39243
2.81072
2.97957
2.97996
3.02707
2.91333
3.23568
2.87206
2.50521
3.19692
2.99774
3.39713
2.84539
2.64651
3.1691
2.95375
3.35834
2.92835
3.0339
3.00301
2.98234
3.01293
2.59536
2.69216
2.58864
3.07304
2.93893
2.83788
3.11288
3.27336
2.72687
3.27506
3.10845
2.91232
2.81957
3.09794
3.40815
2.87196
3.01508
2.78311
3.4528
2.83207
3.3804
2.89041
3.17379
3.493
3.27506
3.19391
3.11732
3.14972
3.27788
3.08679
2.74793
2.95768
2.90535
2.96951
2.9759
2.8511
3.05682
2.85497
2.99692
3.08874
3.12884
3.24395
3.15636
2.95928
2.80593
2.38886
2.89788
2.75813
2.70885
3.05426
3.08423
2.98803
3.21547
3.25866
2.72364
2.7687
3.03444
3.29291
3.46794
3.33845
3.25735
2.67718
3.10848
3.07241
2.90444
2.85884
3.08831
2.72596
2.42866
3.37244
3.18055
2.88204
2.8464
3.27867
2.88445
3.05686
3.40934
2.88828
2.69646
3.28197
3.17152
2.86788
3.01753
3.06419
2.50191
3.4876
2.9763
2.89358
2.68805
2.93574
3.03091
3.40394
3.19894
3.22746
2.72617
3.23516
2.98435
2.62147
3.40852
3.35047
3.43069
2.93557
2.86611
3.00601
2.62333
3.23666
3.38729
3.21737
3.0495
3.1119
3.05612
3.22848
3.03532
2.78259
3.08201
2.84296
2.8571
2.86375
2.8385
3.14714
2.97993
3.00899
3.15874
2.78518
2.90446
2.57716
2.97131
2.96581
2.96644
3.08075
2.77234
2.85973
2.71948
2.5813
3.07123
2.6622
2.86356
3.10097
2.60866
2.74098
3.05001
2.81211
2.68443
3.08423
3.01141
3.06777
2.96078
2.72671
3.16992
3.40142
2.80701
3.13135
3.01831
3.05013
2.85726
3.26052
2.85018
2.96947
3.13625
3.13537
2.99122
2.49036
2.60635
2.89281
3.09688
2.73102
2.89137
3.26362
3.12056
3.39051
2.83918
2.88693
3.10238
3.08794
3.20883
3.20217
2.65376
2.75155
3.15894
3.03014
2.76214
2.52679
2.55456
2.80774
3.04836
3.03451
3.16335
3.33791
3.43131
2.66977
2.89955
3.06615
2.70587
3.0491
2.92535
2.77471
2.88907
2.66552
3.01244
3.06309
3.12796
3.12384
3.70355
2.88283
3.29013
2.85989
3.38325
3.23471
2.83306
2.53365
2.91867
3.02426
2.66347
2.99458
2.66185
2.6654
3.0378
3.39607
3.05412
2.92436
2.8739
3.12733
2.98081
3.25075
3.04268
3.09215
3.03632
3.02045
2.81111
3.18217
2.76083
3.28059
3.00844
2.71144
2.53797
2.94982
2.35184
2.9652
3.19361
2.61311
2.71623
2.99204
3.04388
2.71174
2.8767
3.03031
3.04461
2.84554
2.50872
2.99969
2.75957
2.92092
2.82434
2.77145
2.7006
2.78089
2.92768
3.01608
3.12042
2.81618
2.92394
2.7786
2.85533
2.74656
3.13455
2.50699
2.8561
3.11164
3.38461
2.6105
2.90663
2.97948
2.60835
2.64194
2.41414
3.23355
3.01563
3.00232
3.31206
3.02822
2.57858
3.03918
2.71115
3.31456
2.9783
2.85251
2.51228
2.98177
2.92604
2.87181
3.18587
3.00106
3.10989
2.66854
2.53983
2.93109
3.13645
2.73353
3.28256
3.0444
2.77158
2.74088
3.25338
3.06025
3.09182
3.04244
3.39455
2.92479
3.06914
3.02946
3.01259
3.31606
3.20892
3.07121
3.17836
2.80618
3.10367
3.43043
2.68205
3.05143
3.35154
2.92241
3.1071
3.25495
3.02558
3.00677
2.83994
2.94598
2.91623
3.06496
2.92036
2.89858
2.89483
2.7388
2.74307
3.17807
3.15192
3.24861
3.05105
3.13947
3.08205
3.04723
3.16651
3.22087
3.11836
3.22329
2.94356
3.25155
3.11835
2.61013
2.86166
2.85978
3.20189
2.85252
3.04244
3.04747
3.11156
2.46282
3.16839
3.00947
3.021
2.73289
2.87986
2.57876
3.05515
3.21099
3.11053
3.0035
2.93516
3.13474
2.94351
3.2341
2.88142
2.81049
2.91619
2.95578
3.34438
2.92619
3.15668
2.96954
2.76027
3.25161
3.24307
3.09934
3.08815
2.83363
2.69847
2.70703
2.84132
2.87253
2.51638
2.84839
2.7846
2.78052
2.7166
2.52087
2.68136
2.68794
3.01632
2.16113
2.9833
2.42969
2.3365
2.58306
2.83386
2.43883
2.93369
2.59137
2.45132
2.50661
2.48122
2.69422
2.42725
3.12409
2.54848
2.46764
2.92198
2.65048
2.47864
2.81531
2.51252
2.3941
2.49861
2.82509
2.23075
2.82927
2.70224
2.84669
2.45958
2.74915
2.73108
2.71927
2.96945
2.42699
2.7845
2.50371
2.53157
2.26822
2.32061
2.9471
2.59224
2.92781
2.82556
2.84265
2.47745
2.78181
2.70205
2.44275
2.88915
2.36159
2.82468
2.44491
2.6537
2.42891
2.44349
2.42261
2.61325
2.71732
2.83571
2.44255
2.77851
2.43549
2.64593
2.92346
2.59851
2.9897
2.40781
2.43465
2.53606
2.91989
2.47932
2.61955
2.64543
3.14324
2.6247
2.97051
3.11716
2.28787
3.04173
2.61779
3.07734
3.04503
2.84795
2.57654
2.6212
2.48763
2.8034
3.35306
2.92862
2.77486
2.63149
3.19519
2.9892
3.03563
3.16923
2.68451
2.7346
2.81688
3.22439
3.13854
2.53521
2.86946
2.85388
2.6762
2.70963
2.80911
2.8075
2.69802
2.6014
3.04395
3.00045
2.94417
2.27972
2.71575
2.97877
2.93246
2.3938
2.79701
2.45211
3.00616
3.01739
2.95843
2.77322
3.15516
2.9024
2.85123
2.85461
2.9585
2.77478
3.00011
2.93454
2.86048
2.77072
2.99819
3.13694
2.88664
2.90771
3.10984
2.8089
2.79342
3.11655
3.11749
2.86795
2.80544
3.03415
3.10791
2.97048
2.72933
3.18297
2.93181
2.65998
3.16045
2.83142
3.04077
2.8192
3.04629
2.91908
3.02591
2.72737
2.50092
2.58303
2.6029
2.81387
2.80333
2.93185
2.92218
2.72489
2.9438
2.54708
3.1457
2.90913
3.07612
2.74134
2.93707
2.84277
2.96923
3.04019
3.09228
2.90396
2.89486
2.99002
3.01128
3.05195
3.18535
2.96195
2.65447
2.80772
3.09662
2.85702
2.84452
2.71277
2.67841
2.68842
2.62002
3.05051
2.91281
2.65603
2.42723
3.41331
3.19295
2.9341
3.13551
2.69366
3.01007
3.01976
2.49647
2.48429
2.52726
2.7848
2.90481
2.85358
2.90917
2.56903
3.22693
2.59721
3.17798
2.68035
2.80978
2.81998
2.69681
3.00208
2.81766
2.95578
3.1241
2.73683
3.13793
2.80763
2.63385
3.01585
3.14251
3.15645
3.07924
3.03211
2.74627
2.94776
2.58206
3.08845
2.75082
2.73161
2.95909
3.27308
2.65642
2.93447
2.7883
2.88114
2.49263
2.68411
2.98167
3.03253
2.58219
2.3844
2.68876
2.91993
3.25291
3.09935
2.89861
2.74838
2.64156
2.69846
2.70917
2.88428
3.25788
2.80738
3.20038
2.82895
2.98021
2.55104
2.86257
2.92632
2.63556
2.68442
2.94137
2.98509
2.52523
2.90085
2.57105
2.74908
2.87034
2.78504
2.85561
2.67084
2.73782
3.37538
3.09785
3.21229
2.80368
2.89744
2.84169
2.89943
3.07678
3.03076
3.02111
2.92008
2.93026
2.86669
2.72851
2.82106
2.95689
2.9943
2.86204
2.70554
3.09967
2.72086
2.90255
2.90334
2.8417
2.87348
3.20867
3.19873
3.10781
2.86701
2.91143
3.06025
3.31941
2.95855
2.87335
2.65623
2.63915
3.1534
2.68615
3.29055
2.87975
3.10585
3.07893
3.29722
2.66406
2.71382
2.95006
2.82758
2.72445
2.65902
2.82027
2.80885
2.92949
2.68377
2.46218
2.73853
3.02051
2.68353
3.18212
2.6844
2.73446
2.47835
2.53316
2.98518
2.70026
2.43828
3.05261
2.47801
3.09032
2.82506
2.99504
2.79909
2.68065
2.88314
2.67818
2.63362
2.81607
2.73615
2.28927
2.93825
2.54018
2.45535
2.70879
2.63462
2.81029
2.84518
2.79617
2.88643
2.56727
2.8659
2.66295
2.92621
2.55307
2.5911
2.75916
2.82145
2.36089
2.56047
3.19807
3.15421
2.55378
2.97984
2.3612
2.73903
2.85025
2.94394
2.90299
2.73526
2.78651
2.94563
2.52887
2.87571
2.55103
2.65357
2.42521
2.71172
3.15611
2.39853
2.50354
2.75016
3.16212
2.25841
2.97311
2.57293
2.76496
3.02815
3.0263
2.60968
2.6813
3.11543
2.79205
3.27643
2.90484
2.54194
2.98662
3.13742
2.69908
3.1978
2.67005
3.11511
2.50448
2.95515
2.84166
3.16081
2.89295
3.00185
3.05445
2.8211
2.89868
2.89282
2.79866
3.13124
3.22534
2.87931
2.92795
3.21575
3.16551
2.86767
2.37276
2.91451
2.73638
2.88546
2.97293
3.12132
2.62842
2.51161
2.80383
3.14868
2.90257
3.17297
3.26573
2.97226
3.0423
2.41415
2.87821
3.07642
2.87435
2.77126
3.03968
3.00657
2.26082
3.37064
2.59548
2.89011
2.82417
2.67703
2.91158
3.02738
2.88511
3.26477
3.38281
3.04321
3.37361
3.03072
2.79484
3.10949
2.71007
2.85652
3.03296
2.78104
2.71537
2.84206
2.99571
2.93664
2.92049
3.12113
2.32967
3.20956
2.65643
2.79232
3.05592
2.89121
2.73742
3.28999
2.66844
2.48971
2.78949
2.86018
2.97982
3.1459
3.0641
2.78925
2.76369
2.57033
2.77186
2.35813
3.11725
2.95415
2.77624
2.85044
2.97858
2.68346
2.78284
2.75333
2.58186
2.50523
3.14995
2.87832
2.57733
3.16694
2.90426
2.93436
2.91082
2.9562
2.30063
2.92904
2.62812
3.25524
2.81222
3.21183
3.07666
2.71615
2.85696
2.72292
2.84535
2.67797
2.54105
2.86931
2.95256
3.06081
2.58731
2.88037
2.89716
3.18369
2.83277
2.83411
3.05889
2.14736
2.63048
2.60757
3.26487
2.89477
3.06394
3.11716
3.24774
2.68529
2.66736
2.79988
3.00436
2.84256
2.91594
2.59571
2.89193
3.07181
2.69105
3.15857
2.76256
3.13281
2.90653
2.79737
2.58286
2.91315
3.14386
2.82833
2.85847
3.10697
3.16994
2.70265
2.87548
2.53666
2.91029
2.94964
2.62744
2.80193
2.41749
3.23332
2.80752
2.85589
3.07455
2.60608
2.52326
2.9241
3.41029
3.20354
2.55605
2.61398
2.8947
2.69773
2.60837
3.11756
3.06707
2.46488
2.69049
3.08439
2.90955
2.87807
2.65346
2.93287
2.85437
2.83111
2.87362
2.89248
2.90132
2.92175
3.02502
2.74876
2.98705
3.05479
3.04463
3.2752
2.85319
2.88277
2.83881
3.44896
2.92898
2.96936
2.89928
3.00821
2.98729
2.97589
3.11405
2.77882
3.05347
2.91981
2.96605
2.68489
2.92165
2.94525
3.03538
3.17583
2.99836
2.73449
2.63642
3.57092
2.67044
3.20953
2.7821
3.0156
3.40286
3.17203
2.56912
2.94675
3.02659
3.16797
3.16221
2.88527
2.7285
3.00544
3.08603
2.88799
2.71734
2.80787
2.78349
3.06498
2.8834
3.13102
3.31821
2.96674
2.85078
2.98849
3.06522
2.8641
3.02403
2.68414
3.00422
2.58401
2.6597
3.01711
3.09117
2.83687
2.75415
2.97221
3.17273
2.88546
2.9648
2.6565
3.4426
2.84727
3.37868
3.18861
2.9686
2.9882
3.36712
2.99591
2.5214
2.92519
2.93712
2.84452
2.49051
2.94683
3.17934
3.09801
2.51671
2.77254
2.61592
2.88515
2.65051
3.0107
3.03561
2.55643
2.98732
3.18481
2.96585
3.0608
2.76261
2.78374
2.6309
3.10394
2.9382
2.5419
2.69136
2.87884
2.97843
3.08014
3.21936
3.1363
3.08315
3.15079
2.99963
2.92297
3.03089
2.61825
2.93867
2.93047
2.88561
2.84617
2.98293
3.33732
2.95713
2.7786
3.31091
2.44612
3.09305
2.60785
2.83595
3.05342
2.88329
2.60352
2.71087
2.90336
3.0587
2.47557
3.31595
2.70865
2.59095
3.01076
2.68264
2.657
2.64321
2.36418
3.00659
2.81936
3.01588
2.36118
2.78248
2.97448
2.64449
2.55795
2.97254
2.48522
3.05301
3.03624
2.57471
3.21089
2.79421
2.6871
2.8743
2.77912
2.67983
3.20526
3.10355
3.17986
2.85799
2.76258
3.0031
3.0916
2.78304
2.80612
2.73467
2.58066
3.00569
2.99472
2.96463
2.80981
3.03182
2.84074
3.0781
2.86845
2.50734
3.15037
2.90474
2.82841
2.71833
2.55232
2.97736
3.06761
3.28419
3.0707
2.37837
2.68209
2.47317
3.01166
3.06922
2.91352
3.28683
3.04335
2.83694
2.99628
2.73521
2.32317
2.55911
3.20776
2.92723
2.916
2.8987
2.50327
2.59838
2.9568
2.76117
2.84446
2.91856
2.85585
2.50114
2.54398
2.53572
2.55265
2.77609
2.98481
2.55464
2.81311
2.33662
3.02855
2.78227
2.78521
2.78815
2.95234
2.54005
2.45053
2.88058
2.85711
3.11602
2.98017
2.67641
2.66026
2.77116
2.586
2.95682
2.81476
2.66062
2.86067
2.57137
2.62846
3.18239
2.83094
2.99587
2.90543
3.05924
3.24145
3.12949
2.92295
2.96298
2.87154
2.91516
2.77207
2.5847
2.47088
2.7778
3.03802
2.72526
2.82196
2.74266
2.93565
2.87844
2.73714
2.73665
2.80841
2.93398
3.04501
3.23082
2.98801
2.93746
2.79944
2.63705
2.76721
2.86903
2.67709
2.99548
2.64611
2.75764
2.88657
2.83134
2.77424
2.73
2.98798
2.47786
2.75348
3.24376
2.76752
2.66304
2.78865
2.65496
2.6125
2.9704
2.58021
2.40186
2.67848
2.68503
2.70876
2.65196
3.28611
2.9234
2.92346
2.84675
2.72677
2.83051
2.90559
2.6977
2.8734
3.01371
2.96494
2.51026
2.97324
3.05561
3.07623
3.14123
2.69417
2.50369
2.3178
2.80309
2.93641
2.7701
3.11306
3.07059
2.72612
3.15541
3.25432
2.87661
2.83271
2.75048
2.68403
2.69587
2.51711
2.86655
2.94411
2.58941
2.66327
2.60388
3.08586
2.72779
3.21386
2.96485
2.82159
2.75879
3.1613
2.94715
2.69001
3.20242
2.99707
2.57504
2.71752
2.78339
2.82295
3.32616
2.84655
2.96413
3.04259
2.72859
2.53705
2.92753
2.7534
3.06003
2.61749
2.79724
2.87176
2.74449
2.51085
2.63126
3.09265
3.11753
2.36153
2.60981
2.56157
2.93695
2.89441
2.80695
2.91206
2.8578
3.09547
2.94366
2.85439
2.90925
3.12725
3.03426
2.76554
2.40703
2.81845
2.86687
2.42631
2.82301
2.91456
2.92547
2.67877
2.69564
2.85067
3.03702
3.02709
2.83567
3.02199
2.90707
2.82731
2.79469
2.73439
2.89136
2.95856
2.48894
2.76494
2.93775
2.69824
3.19014
2.93714
3.11293
2.93731
2.92552
2.73823
3.11285
3.01667
3.00856
2.52512
2.85425
2.86689
3.07503
2.89616
2.37712
2.6734
2.73378
3.14079
3.11713
2.65745
2.82251
3.01019
2.90445
2.99757
3.25524
2.78124
3.18847
2.95707
2.4884
2.78895
2.86853
2.81548
2.49564
3.04659
2.834
2.66397
2.7412
2.59201
2.92688
3.07639
2.71879
2.58428
2.74027
3.30826
3.03745
3.08818
2.86119
2.78354
3.04931
3.00453
2.80968
2.59981
2.79042
3.06169
2.88216
2.57046
2.48731
2.44015
2.8489
3.01258
3.02031
2.74988
3.07137
3.06708
2.79333
2.80091
2.76354
2.66466
2.67605
2.77864
3.05993
2.67419
3.01595
2.59308
3.08847
3.00393
3.12262
3.24321
2.48808
3.4042
2.91214
2.76969
2.97302
2.99697
3.06463
3.05099
3.12583
2.6996
2.73421
2.79028
2.81126
3.0338
3.01286
3.06815
3.03607
3.01114
2.79312
3.47147
2.94652
2.96762
2.83134
2.8116
2.48494
3.13978
3.07656
2.75751
2.7734
3.04372
2.81044
3.12859
2.94371
2.82467
2.81301
2.86218
2.83395
3.08361
2.41787
2.91177
3.16564
2.65409
2.86358
2.92634
2.78885
3.18362
2.61446
3.07898
3.02067
2.79881
2.96661
2.59189
3.02485
3.15633
3.17822
3.25455
2.49197
3.3016
3.02934
3.20658
3.09397
3.13816
2.90932
2.77113
2.90466
3.17254
2.95976
2.89784
3.0438
2.43325
2.79988
3.10947
3.09318
3.13596
3.27562
2.84523
3.12541
2.66673
2.81926
2.7434
2.38345
2.96941
2.82605
2.91737
2.91046
2.89984
2.89784
2.63828
2.21498
3.11229
3.1904
3.40849
2.80073
2.87139
2.88702
3.03899
2.75893
2.67478
3.09451
2.73368
2.30051
3.23457
2.79747
3.017
2.63243
2.87229
2.90427
2.6699
2.95151
2.79325
2.95754
3.12864
2.89051
2.71658
3.07372
2.85691
2.92471
3.25539
2.86524
2.83381
2.56598
3.00835
2.64641
2.92899
2.5744
2.82682
3.06478
2.75618
3.26546
2.86821
3.1666
2.69258
2.73372
2.73577
2.66019
3.08714
2.79825
2.7593
2.98785
2.90514
2.84488
3.09348
2.80569
2.98675
2.99063
2.39728
2.83061
2.83394
2.61898
2.86525
3.04391
2.92342
2.67011
3.10988
2.67925
3.23567
3.40321
2.59277
2.83035
2.97796
3.22272
3.11752
3.35175
2.94397
3.17723
2.57886
2.84727
2.86733
2.9084
3.15966
2.63291
2.94757
2.93306
2.97251
2.77971
2.96539
2.65238
2.98458
2.62827
3.32393
3.09576
3.12369
3.27372
2.85356
2.91294
3.12587
2.89135
3.18978
2.87162
2.84359
3.46937
2.51111
3.13677
2.84652
2.90698
3.03294
3.19921
3.07923
2.97562
2.75869
2.88436
3.1296
3.14599
3.23315
2.81107
3.04219
2.84105
2.50299
2.71734
2.47135
2.89461
2.39348
3.12914
2.98586
2.88405
2.96611
2.93983
2.92268
3.03742
3.24642
2.90086
2.72895
2.88571
3.08714
2.9037
3.00477
2.91816
3.06664
3.17118
2.83133
3.04324
2.88788
3.23531
2.79008
2.87309
2.92609
2.78111
2.82648
2.94478
2.61982
2.67609
2.78703
3.15953
2.8624
2.55424
2.75233
2.91926
2.69212
2.90638
3.4013
3.32921
3.01611
2.97496
2.53283
2.53671
2.88636
2.39851
2.57814
3.11685
2.53963
3.09512
3.21093
2.70925
3.36501
3.03308
2.88
2.70673
2.80276
2.74488
2.79939
2.92126
3.11916
3.27911
2.8897
2.89493
2.92066
2.99933
3.016
2.93842
2.89235
2.6149
2.72277
2.90191
2.81043
2.78256
2.77101
2.40648
2.95204
3.34037
2.95613
2.7155
2.94681
2.65058
2.99488
2.9057
2.94791
2.79665
2.47154
2.222
2.68134
2.85509
2.66768
2.55779
2.88918
3.0588
2.78482
2.51645
2.73433
2.62361
2.26683
2.51854
2.87106
2.76031
2.37002
2.58303
2.88715
3.03066
2.94559
2.89991
2.78599
2.73479
3.10212
2.90365
2.65603
2.87475
2.61689
2.78818
3.00723
2.59125
2.91748
2.99102
3.06035
2.52428
2.65753
2.60608
2.7682
2.74877
3.13641
2.79143
2.56
2.88923
2.65627
2.69458
2.74343
2.60985
3.01817
2.58861
2.75995
2.90449
2.37319
2.87191
3.04777
2.38622
3.05606
2.83512
2.64544
2.72082
2.84866
2.60671
2.54064
2.90225
2.5472
3.17955
3.13286
2.81562
2.66478
2.95365
2.63274
2.53455
3.35552
2.288
2.76027
2.85216
2.70467
2.44083
3.12198
2.67603
2.70693
3.28489
2.79913
2.533
2.68689
2.65262
3.19167
2.88283
2.78204
2.97786
2.61081
3.06813
3.06637
3.00085
2.91851
2.62444
2.85439
2.97372
2.86606
2.71107
2.79633
2.85266
3.03157
2.71101
2.27505
2.89029
2.69564
2.99335
2.70207
2.91446
3.21406
3.16273
2.9851
3.15885
2.88921
2.65722
2.55421
3.00416
2.94046
2.53865
2.75489
2.5378
2.98514
2.9145
3.09998
3.0394
2.88242
3.03082
2.61704
2.67393
3.06827
2.98219
2.73144
2.58913
3.05926
3.22896
2.56845
2.80576
3.06331
3.13173
2.58592
3.00294
2.82316
2.45027
2.58451
2.87316
2.81886
2.44843
2.61949
2.94666
2.26223
3.34683
2.59001
3.11233
2.75539
2.64475
2.51267
2.51014
3.18221
3.14689
3.16933
2.85286
2.91064
3.07973
2.878
3.06251
2.52686
3.03535
2.89786
3.04922
3.089
2.74722
2.73759
2.60566
2.86317
2.96258
2.9035
2.63712
2.94095
2.97341
2.89711
2.69784
2.24731
2.8695
3.05532
3.22464
2.65047
2.67245
2.82968
3.14089
2.54934
2.66521
2.46053
3.0714
3.17237
3.17935
2.75765
2.60927
2.98552
3.26944
2.50186
3.02688
3.02739
2.85586
2.6867
3.17357
2.81182
2.68418
2.95136
2.68402
2.45141
2.83358
3.07059
2.93561
3.08959
2.81875
2.52052
3.05026
2.84276
3.0562
2.72474
2.80808
2.91764
3.06457
2.72755
2.59588
2.98736
2.74184
2.71266
2.6622
2.85883
2.99609
2.41309
3.02529
3.04057
2.77621
2.55774
2.76196
2.88144
2.68083
3.03842
2.53026
2.94686
2.86434
3.0824
3.04553
3.01816
2.72891
2.75938
2.77805
2.68555
2.79466
2.16231
2.25835
2.67667
2.91319
2.91971
2.50702
2.73966
2.86122
2.89403
2.63792
2.79262
2.79579
2.99948
3.13477
3.11816
3.04111
2.94816
3.03791
2.80643
2.79064
3.08317
2.94288
2.85715
2.67378
2.90876
2.65111
2.73772
2.70381
3.05549
2.79036
3.01823
2.74983
2.90612
2.73478
2.65109
2.91921
2.93845
2.92994
3.04105
2.79162
2.45145
3.08432
2.88288
2.99817
3.25537
2.75013
2.58868
3.18871
3.26169
3.20043
2.90429
2.92666
2.7802
3.16346
2.86343
2.92359
3.4187
3.0907
2.94313
3.00488
2.95443
3.10694
3.00575
2.80252
3.05549
2.64086
2.79734
3.01773
3.17351
2.86099
2.81405
3.04196
2.89002
3.09733
3.04704
3.29849
3.03948
3.19031
3.32597
2.64696
3.09969
3.31579
3.41436
2.57898
2.7438
2.90418
2.71796
2.64865
3.07856
3.12773
2.6216
2.90881
2.71051
2.57135
3.24685
2.77607
2.83097
2.93711
3.13767
3.08361
2.84954
3.24661
2.80405
2.95808
2.63498
2.66016
2.59595
2.89695
3.14133
3.03975
3.34376
3.0823
3.12402
3.28889
2.84776
2.78332
2.71853
3.1279
2.71741
3.15488
3.25776
2.92465
2.96564
3.05791
2.54994
2.65311
3.28924
3.31834
3.02834
3.05189
2.57692
3.08962
3.33009
2.69471
2.91041
2.65395
2.97769
3.30938
3.25227
2.88113
2.69374
2.70132
2.76536
2.90018
3.00812
3.12923
2.92303
2.65803
2.85952
2.83473
2.84162
2.79629
2.88713
2.48936
2.93638
2.43859
2.46347
2.87935
3.09851
2.87897
2.50389
2.58752
3.00298
2.7481
3.07536
2.91328
2.81263
2.78979
2.81713
2.7038
2.77028
2.79149
2.66679
2.86072
2.75458
2.96607
2.7879
2.73361
2.76583
3.05634
2.85519
2.99697
2.87897
2.71427
3.14436
2.80465
3.17481
2.50915
2.57973
2.49351
2.42478
2.97794
2.70582
2.93499
2.79903
3.21675
3.09447
2.75461
2.80131
2.78004
2.83092
2.60408
2.81543
2.91683
2.88892
2.65708
2.891
2.98093
2.37128
2.97118
2.91221
3.03289
2.68155
2.90141
3.1446
2.47342
2.75333
2.88988
2.89394
2.68537
3.01657
3.01494
2.90844
3.04596
2.85089
2.9514
2.70341
2.91443
2.98782
2.71962
3.16226
2.84071
2.79677
2.99743
2.99336
2.55155
2.70432
3.4966
2.55475
2.88894
2.83667
2.61516
3.0696
2.94506
3.14791
2.97933
2.78811
2.90099
3.10322
2.84402
3.07387
2.75929
2.86782
2.81214
3.00524
2.59673
2.80708
3.21927
2.97758
3.39609
3.06009
3.05939
2.79627
2.61347
2.66066
3.21115
3.15836
3.09322
3.32234
2.90899
2.76766
2.82055
3.02797
2.7278
2.61907
2.81116
2.68344
2.36762
2.78702
2.71731
2.83798
2.54755
2.76165
3.10021
2.71642
2.95087
2.42844
2.86635
2.82119
3.04088
2.70616
2.93341
2.69337
2.85736
2.65016
2.6648
3.15895
2.94748
2.85621
3.06903
2.83478
2.57672
2.90685
3.15281
2.76705
3.05225
2.94434
3.20694
2.86684
2.86751
2.36147
2.56603
2.90466
2.99366
3.03415
2.65829
2.36301
2.77984
3.1672
2.62658
3.1324
2.47695
2.93271
2.74073
2.84325
2.10303
2.31242
2.28977
3.05093
2.18599
2.94381
2.94945
2.6608
2.66571
2.71948
2.29507
2.76261
3.01389
2.58565
2.70758
2.729
2.54056
3.01036
2.83913
2.93317
2.63679
3.02537
2.72934
3.31135
2.75353
3.18682
3.16864
2.80901
2.27512
3.10137
2.3242
2.58277
2.87748
2.92155
2.77163
2.59883
2.64867
2.70346
3.11851
2.6814
2.88483
2.90004
2.49992
3.17526
2.91339
2.92164
2.49536
2.89777
2.85034
2.82869
2.86615
2.62513
2.98305
2.71653
3.24211
2.51937
2.73109
2.89858
2.8358
2.98315
2.88636
3.14745
2.9706
2.54671
3.00297
3.16352
2.96536
2.89452
2.87424
2.42442
2.58258
3.165
2.85898
2.47834
2.65082
2.68871
2.65268
2.85393
2.976
2.95095
3.16062
2.94883
2.87765
2.66856
3.06496
3.09693
2.87036
2.51704
2.57196
2.56599
3.09664
3.17906
2.79723
2.92587
2.66383
2.96984
2.51769
3.24334
2.85906
2.71686
3.09137
2.44434
2.80719
2.52331
3.27985
3.10437
2.50312
2.93685
2.62346
2.44457
2.83061
2.72279
2.45746
2.72553
2.99554
2.79799
2.67123
3.05421
3.03857
3.09217
3.15228
2.85453
2.89733
3.17258
3.17481
2.97657
2.84795
2.94464
2.76831
3.03766
2.83991
3.00209
2.8332
2.70687
3.21907
3.23327
3.50214
2.85063
2.94243
2.93786
3.42017
2.83544
3.0259
2.95012
3.11416
3.09272
2.74791
2.94508
2.83977
3.27228
3.39113
2.98901
3.36846
3.19876
2.70807
2.93
3.33067
3.12978
3.04849
2.76707
3.06838
3.19502
3.00412
3.24529
3.07215
3.16128
3.23543
2.82221
3.0462
3.17051
3.33135
2.70942
3.36929
3.11847
3.27287
3.09759
2.92429
3.05387
3.09596
2.83009
2.5354
2.5067
2.39778
2.95792
2.83267
2.36671
3.00461
2.58378
2.63137
2.83762
2.27946
2.75958
2.58967
2.81444
2.65393
2.64103
2.82036
2.98702
2.47617
2.52051
2.8116
2.76024
2.72905
2.76996
2.6972
2.35858
2.57595
3.18024
2.75473
2.17274
2.83625
2.45578
2.85599
2.56154
2.91057
2.97081
2.64437
2.73479
2.9396
2.74852
2.60532
2.68906
2.98912
2.78525
2.54286
2.35892
2.83302
2.87521
2.53715
2.65912
2.69463
2.72192
2.88509
2.93862
2.97068
2.99116
3.08321
3.00018
2.42417
3.06237
2.82168
2.77756
2.88813
2.92411
2.92935
2.66164
2.8688
3.13581
2.59307
3.12086
2.84881
2.52641
2.72029
2.62911
2.79886
2.99977
2.42191
2.86885
2.47669
3.10925
2.6163
3.00512
2.96536
2.83992
2.90879
3.14108
3.16169
2.61752
2.856
2.76849
3.05643
2.82533
3.19822
2.8096
3.13267
2.55142
2.76867
2.91401
3.09638
3.18973
2.67138
2.61079
2.64328
3.38711
2.68124
3.29763
2.75948
2.8932
3.12029
2.66408
2.72727
2.92235
2.61184
2.51107
2.89126
3.06001
2.74766
2.98053
3.03446
3.03648
2.99676
2.81186
2.91931
2.77043
2.63951
2.69342
2.74547
2.88744
3.20948
2.87066
2.31602
3.00314
2.80082
2.9084
2.56189
2.6773
3.04329
2.44375
2.88086
2.75811
2.60274
2.60509
2.95044
3.09105
2.88292
2.67568
2.84811
3.02533
3.22666
2.98956
2.38987
2.51792
2.71699
3.09648
2.84556
2.48629
2.63007
2.76404
3.16351
3.13265
2.67333
2.96688
3.18069
2.81121
2.93002
3.0339
2.81672
2.65949
2.49478
2.71272
2.55312
3.09865
2.57924
2.61738
2.92105
2.58865
2.76137
2.71843
2.72744
3.05768
2.83662
2.91659
3.03972
3.06919
2.60964
2.6773
2.76557
2.67888
3.07204
2.42214
3.08952
2.91891
3.11531
2.63033
2.83052
2.57852
2.84559
2.82902
2.69469
2.04757
2.64203
2.66096
3.0351
2.87849
2.82479
2.70427
2.83347
2.67016
2.56315
2.54716
2.74875
2.74397
3.14114
2.75104
2.4739
2.77464
2.73077
2.99492
3.09365
3.00666
2.67764
2.8835
2.82104
2.7911
3.00414
2.50932
2.68188
2.71429
2.91123
3.08077
2.26181
2.74423
2.74944
2.64722
2.64283
2.55914
2.92484
2.7928
2.77969
2.71854
2.76743
2.81842
2.21397
2.92253
2.91834
2.9594
2.68476
2.72432
2.82423
2.61074
3.02063
2.84406
2.72999
2.85689
3.13688
2.85205
2.88895
2.5093
2.58498
2.81301
3.00356
2.91367
2.54605
2.18482
2.65033
2.9325
2.23646
2.905
2.85905
2.81243
2.74422
2.39806
2.46856
2.64875
2.70178
2.73522
2.48474
2.58519
2.85621
2.84122
2.54978
2.76065
3.10224
3.06074
2.96997
2.64782
2.67696
2.95005
2.80189
2.92545
2.8507
2.79235
2.43065
2.64636
2.86702
2.6277
2.99192
2.54882
2.59801
2.9235
2.45588
2.93823
3.01091
2.9348
2.67308
3.02113
2.97436
3.47146
2.78693
2.68447
3.06241
2.77234
2.59646
2.77492
2.6014
2.7875
2.64832
2.63856
2.84594
2.71166
2.77668
2.62274
2.47529
2.72084
2.50136
2.7314
2.49843
2.8273
2.8952
2.53217
2.36157
2.57592
3.03571
2.78579
2.87881
2.73869
2.6142
2.64125
2.80597
2.84351
3.17598
2.71844
2.73707
2.38934
2.71273
2.48922
2.82302
3.09156
2.4463
3.19575
2.70417
2.4789
2.80637
3.15132
2.70989
2.25798
2.84635
3.02725
2.70349
2.91421
3.02789
2.63221
3.00201
2.83013
2.91462
2.76471
2.86007
2.85327
2.76128
2.94558
2.98972
2.4768
2.58387
2.76132
3.2852
2.7522
2.68974
2.66905
2.66378
2.33991
2.63573
2.38779
2.38588
2.57624
2.80262
2.75322
2.66565
2.94875
2.55631
2.72844
2.53216
2.78027
2.30475
2.1705
2.64158
2.77324
2.95585
2.64401
2.87548
2.77317
2.57822
2.37483
2.69464
2.73041
2.94137
2.42145
2.7297
2.42376
2.67047
2.6543
2.56478
2.7022
2.5488
2.33126
2.54318
2.54474
2.55277
2.54475
3.07612
2.46306
2.73021
2.34317
2.55175
2.94145
3.09164
2.76897
2.47748
3.22147
2.85041
2.98979
2.37875
3.03901
2.9398
2.77706
2.85423
2.57966
2.63433
3.08482
2.93325
2.61786
2.82808
2.69243
2.59766
3.09532
3.01591
2.87856
2.64858
2.889
2.7703
3.0356
2.89028
2.92014
2.74054
2.79875
2.99927
2.63742
3.1472
3.12795
3.04684
2.55009
2.83263
3.00511
2.95152
3.1847
3.16828
2.59973
2.81586
2.56496
2.58247
3.13484
2.49663
3.03409
2.48238
2.9476
2.64802
2.69065
2.6346
2.81007
2.87678
2.94688
2.85593
2.96468
2.8141
2.78986
2.97424
3.09909
2.71738
3.00477
3.24235
2.85172
2.79412
2.59389
2.45076
3.14642
3.3057
3.30629
2.96222
2.76347
2.96922
3.25117
3.41004
3.15115
2.68099
3.24605
2.86631
3.05302
2.88569
2.62663
3.10695
2.82305
2.94407
2.99023
2.61455
2.80471
3.00647
2.89543
2.77805
2.84996
2.93335
3.08279
2.70146
2.6908
2.60489
2.73339
3.03194
2.67337
2.91179
2.41001
2.84034
2.91617
2.69876
3.00348
2.49948
2.84181
2.67961
2.51099
2.5417
2.74217
2.56487
2.61
3.09626
2.81063
3.0195
2.92278
2.52526
2.35048
2.19197
2.80976
2.80914
3.07511
2.68862
2.84844
2.62344
2.726
2.60251
2.36435
2.87416
2.68131
2.50758
2.71286
2.6218
2.68233
2.88962
2.80057
2.85748
2.46702
3.01459
2.83402
2.93374
2.57332
2.68653
2.50085
2.5593
2.8086
2.85599
3.13053
3.06033
2.6803
3.07472
2.33526
2.82299
2.91201
2.8881
2.73507
2.71105
2.4815
3.02165
3.00673
2.75358
3.09076
2.85738
2.62319
2.89991
2.89904
3.16977
2.6717
2.8932
3.11178
2.67419
2.85513
2.88767
3.01313
2.88317
2.76089
2.93638
2.85717
2.76835
2.5222
2.97497
2.54665
3.24825
3.12109
2.68412
2.80896
2.86799
2.85825
3.08114
2.62022
3.02843
2.74767
2.91847
2.62584
2.64285
3.06848
2.41469
2.495
2.76857
2.80813
2.57448
2.49704
2.69305
2.6178
2.53726
2.6394
2.69132
2.62079
2.68288
2.66979
2.7652
2.63239
2.8424
3.07768
2.63533
2.95009
3.0268
2.64204
2.64239
2.53209
2.84577
2.75931
2.61478
2.60371
2.88123
2.61471
2.45834
2.91876
2.65789
2.76957
2.77879
2.81748
2.7427
2.78687
2.83829
2.86333
3.12046
3.30261
2.86474
2.89388
2.59378
2.77944
2.90858
2.98658
2.81653
2.95999
2.70224
3.29751
2.76242
3.05408
3.14716
3.04915
2.62023
2.79777
3.09511
2.86538
2.89708
3.15904
2.5192
3.02164
2.87267
3.12195
3.35274
2.48335
2.50774
2.58602
2.58182
2.72223
2.92744
2.95366
2.62022
2.91498
2.74567
2.63439
3.02037
3.09688
3.40835
3.05187
3.05138
3.10184
2.88448
2.99215
2.80028
2.9595
2.89217
2.84759
2.77666
2.43313
3.15346
2.47961
3.28773
2.72995
3.09814
3.04554
2.94945
2.76878
2.64191
2.81113
2.82696
2.71979
2.67555
3.30843
2.80058
2.87482
2.58063
2.85408
2.52921
2.73932
3.0153
2.87108
2.66866
2.81421
2.98311
2.53516
2.77365
2.80225
3.04645
2.79376
2.99562
2.91525
3.06923
2.90575
3.01176
3.29746
3.22739
2.49979
2.698
3.08686
3.02531
3.08448
3.07939
2.44998
2.98012
2.89745
3.33157
2.91719
2.81253
2.9698
3.04761
3.03355
2.74957
2.90746
2.91788
3.13107
3.00545
3.0341
2.75779
2.56205
3.0079
3.20255
2.98582
2.52394
2.99479
2.43434
3.16538
2.88889
2.69618
3.02969
2.38971
3.03267
2.78349
3.24373
2.85495
2.81013
2.80313
2.90358
3.02628
3.07405
3.07006
3.24432
2.94273
2.80111
2.67573
2.86001
3.33666
3.16784
2.80147
2.68552
2.63638
2.82293
3.50016
3.01984
3.0869
3.10021
2.97738
2.76316
2.75096
3.14732
2.85623
2.92752
3.39419
3.44184
2.67283
2.48281
3.02233
3.06046
3.0971
3.01415
3.05848
3.13117
2.93706
2.96261
3.0933
2.97567
3.13872
3.05688
3.18793
2.91084
2.67725
3.11661
2.77942
2.86491
2.78548
2.73609
2.68063
3.11914
2.86999
2.74367
2.92131
2.68969
2.89715
2.72607
2.90689
2.79511
3.4511
3.01048
3.24015
2.25552
2.53198
2.81205
2.80336
3.49347
2.65506
2.97143
2.8375
3.29636
2.83088
3.31838
2.67105
3.0467
2.78752
2.66259
2.53812
2.82544
2.83341
3.00844
2.71644
2.83588
2.90611
2.75384
2.93713
2.8647
2.80661
3.01369
2.70653
3.06567
2.80538
2.98426
3.14044
3.33776
3.05263
2.73091
2.95916
2.93671
3.25045
3.43749
3.25659
3.19725
3.02901
2.77956
2.91149
2.99391
2.56708
3.25256
2.48934
2.73857
3.2338
2.72724
3.32165
2.63017
2.84395
2.74998
2.50599
3.07685
2.80663
2.75877
2.66411
2.74033
2.73008
2.97711
3.11223
3.2637
3.106
3.02635
3.03876
2.76713
2.82434
3.3651
2.78656
3.16415
3.37204
3.16925
2.94218
2.90723
2.96219
3.36002
3.01042
3.20735
3.00326
2.98083
2.33252
2.9288
3.22743
2.80603
3.40411
2.73443
2.99224
3.07639
3.22964
2.90119
2.82581
2.45926
2.97143
3.19374
2.73134
2.74208
2.62611
2.73211
3.00826
2.77869
3.06957
2.69407
2.88694
2.74498
3.18036
3.19228
3.02707
3.10418
2.90393
2.87767
2.66324
2.69866
3.05573
2.67733
3.19258
2.92031
2.70508
2.89623
2.57233
2.6305
2.75676
2.89577
3.00068
2.43144
2.54844
2.86978
3.16945
3.30517
2.64927
2.48583
2.96728
2.85268
2.69274
2.61189
3.00196
2.89097
2.77722
2.34912
2.73707
2.66523
2.77314
2.77349
2.88752
2.99103
2.62439
3.00672
3.02813
2.51761
2.95987
2.52592
2.84746
2.9262
2.7726
2.553
2.96634
2.98007
2.69054
2.93259
2.80016
3.05397
2.82713
2.94399
3.05962
2.56931
2.69291
2.85374
2.94761
2.8805
2.92027
3.01032
2.64056
2.87609
2.59411
2.6239
2.38971
2.4876
2.75217
2.88944
2.8255
3.2864
2.92475
3.24448
2.8291
2.63206
2.95753
3.151
2.91373
2.80685
2.72809
2.66916
2.86302
2.73311
3.18117
2.82711
3.11862
3.03692
2.96908
2.90839
3.02572
2.37588
3.04547
2.69678
3.13294
3.02436
2.86225
2.90884
2.85298
2.62519
2.9576
2.86628
2.36054
2.83558
3.17961
2.44694
2.84241
2.81313
2.40752
2.5369
3.10621
2.58308
2.5051
2.92176
2.28218
2.95114
2.95044
2.92434
2.7551
2.55385
2.97086
3.05297
3.25905
2.67469
2.35712
3.06564
2.49771
2.88951
2.87003
2.48373
2.91534
3.08011
2.67411
2.88063
2.98381
2.77121
2.57503
2.59605
2.7368
3.0869
2.56466
2.44767
2.67642
2.67658
2.69976
2.78262
2.98589
2.53767
2.66389
2.59883
2.91623
2.83106
2.4996
2.71583
2.57962
3.09655
2.74887
2.7601
3.01026
3.1948
3.09221
2.56599
3.08191
2.7533
2.67252
2.78801
3.21965
3.27405
2.97557
3.19021
3.07952
3.01988
3.00167
2.91998
3.02913
2.78339
3.32534
2.97877
2.41465
2.61883
2.92767
2.83628
2.92812
3.32144
2.96434
3.19875
2.90604
2.73815
2.84419
2.99946
3.02186
3.05129
2.88885
2.93707
2.8721
2.54325
2.47713
2.85312
2.82373
2.51495
2.66902
2.65441
2.643
2.42448
2.69463
2.38874
2.46116
2.56682
2.84172
2.52458
2.52303
2.83314
2.69507
2.76198
2.55703
2.78335
2.70485
2.6125
2.99792
2.83071
2.73202
3.06185
3.03963
2.77829
2.55064
2.8749
2.86267
2.96393
2.86214
3.26948
3.30885
3.1418
3.2016
3.3591
3.03459
3.003
2.923
3.08973
3.24185
3.03375
3.09393
3.0456
3.03582
3.22601
3.15344
3.24056
2.89805
3.22764
2.83738
3.10733
3.18829
3.07832
2.8607
3.13647
3.00991
2.95712
2.97529
2.90422
3.03961
2.89513
3.18339
3.21625
3.48932
2.5085
2.57946
2.92768
2.92868
2.82718
3.0568
3.15144
2.86142
3.22595
3.06194
3.15671
2.70888
3.1042
2.79447
3.05266
2.88022
3.26453
3.26691
2.67179
2.59945
2.995
3.33432
3.15311
2.62249
3.1078
3.19961
3.18016
3.18052
2.92737
2.6416
2.81
3.04853
3.20038
2.71342
2.81542
2.93063
2.52619
3.11971
2.9439
2.68919
2.85728
3.03452
3.18929
2.81901
2.97832
2.63184
2.77628
2.88533
2.90561
2.79536
2.8986
3.06101
2.94416
3.18968
2.81736
2.50032
3.05624
2.63251
3.06409
2.67187
2.68154
2.67291
2.70884
3.07303
2.85069
3.26106
3.36045
2.85456
2.99974
2.30838
2.95282
2.93591
2.60273
2.87925
3.19081
2.91363
2.74976
3.30715
3.24439
2.94551
3.05128
2.82337
2.69142
2.62043
2.96697
3.01386
2.48901
2.68772
2.65956
2.76216
2.78633
2.836
3.12139
2.94019
2.99033
3.03877
2.98745
2.88206
2.46326
2.92225
2.81829
2.89155
2.88998
2.90537
2.66733
2.60665
2.81507
2.45786
3.01753
2.74463
2.62269
2.73177
2.48975
2.63477
2.91365
3.15744
2.42949
2.74383
2.8565
2.91128
2.97189
2.70195
2.78766
2.42777
2.49216
3.22767
2.8666
2.84097
2.80375
2.8997
2.88433
2.52839
2.59686
3.02013
2.74697
2.37147
2.32058
2.71804
3.12563
2.74586
3.01298
2.76528
2.81235
2.98637
2.68173
2.95206
3.20248
3.03472
3.0308
2.74765
3.27765
3.28414
3.16494
2.90225
2.61608
3.05479
3.0012
2.87062
3.05954
2.87991
3.06008
3.26888
2.76173
3.04475
2.98988
3.14796
3.29955
2.92913
3.29395
3.00616
3.19228
3.16715
2.70732
3.08388
3.36646
2.63698
2.82
2.91052
3.0931
3.03044
2.39539
2.45571
2.75813
3.33901
2.96093
2.75728
2.34471
2.67558
3.25751
2.94346
2.9379
2.72431
2.9604
3.00073
2.98564
2.9503
3.02628
2.85033
2.7206
2.80056
2.84131
2.5306
3.02989
2.81789
2.73234
2.68979
2.82377
2.80814
2.8797
2.97842
3.20585
3.07453
2.54072
3.17702
3.02281
3.0128
2.72007
2.64636
3.24138
2.8208
3.09703
3.12469
2.92604
2.60988
3.2744
2.88332
3.00827
2.49759
3.08066
2.82881
3.26797
2.89432
2.81441
2.99075
2.93429
3.1012
3.10477
2.784
2.76106
2.71357
2.8377
2.82536
3.39951
3.11114
3.04573
2.83363
2.45348
2.96288
3.35986
3.27194
3.2099
2.79171
2.37779
3.08309
2.63845
3.02657
3.09816
2.94162
2.98786
2.87583
3.00533
3.15234
2.69809
3.3722
3.09851
2.90219
3.26859
3.3632
3.03949
3.35407
2.72871
3.03313
2.88799
3.08695
2.54576
2.98366
2.69575
2.83236
2.7408
2.83141
3.1708
3.31311
2.65961
2.91505
3.36989
2.90715
3.27659
2.46271
2.79468
2.91895
2.9515
2.65748
2.56802
2.42599
3.29536
2.78444
3.08947
2.6299
2.88272
2.71415
2.70051
2.10668
2.63922
3.1418
2.8988
2.96408
2.78041
2.64605
2.86299
3.19098
3.18251
2.46632
2.65497
2.90961
3.12002
2.96705
2.66221
2.83
2.75031
3.10662
2.43592
2.69349
2.9891
2.82824
2.54313
3.17002
2.95274
2.88254
2.70743
2.76124
2.97471
3.31184
2.74749
2.82422
2.95495
3.14721
3.18345
3.12251
2.66617
2.8407
2.75904
3.04758
3.14506
3.06417
2.80478
2.83261
2.85726
2.81672
2.86729
2.89561
3.04466
3.1296
2.83459
2.93466
3.17898
2.95991
2.86774
2.38304
2.21304
3.18968
2.71911
2.50416
2.60203
2.53744
3.18656
2.41991
2.94004
2.70814
2.81984
2.89221
2.55754
2.72707
2.49917
3.01209
2.60238
2.69874
2.76471
2.66447
3.21256
2.68886
2.92534
2.8632
2.53627
3.09367
2.91633
2.69257
2.8817
2.90439
3.20972
3.14487
3.25939
2.53101
3.01214
3.09206
3.15961
3.28725
2.74009
2.69483
2.71494
2.96413
2.67439
2.67571
2.52807
2.75025
3.1732
3.30323
3.26596
2.86137
2.96621
2.84179
3.29698
2.47643
2.33212
3.18439
3.02977
2.99929
2.98679
3.06963
2.70249
3.1315
2.82338
3.04324
2.66315
2.55493
2.80576
2.44037
2.85986
3.04183
2.92858
2.58672
2.49749
3.2485
2.6911
2.68466
2.91817
2.78052
2.66051
2.5316
2.83204
2.84904
3.04602
2.8265
2.97147
2.65883
2.84798
2.71871
2.7666
2.53854
2.44759
3.00137
2.98834
2.63884
2.6029
2.39545
2.87486
2.6858
2.57227
2.75075
2.9962
2.77943
2.74631
2.76314
2.81235
2.62773
2.74908
2.84383
2.70078
2.98504
2.96949
2.57559
2.64541
2.67801
2.62447
2.77047
2.45544
2.80816
2.71715
2.76027
2.77857
2.4546
2.78086
2.66021
2.96816
2.30624
2.72542
2.74274
2.85042
2.95262
2.40126
2.9038
2.41371
3.15996
2.99116
2.793
2.98434
2.6033
2.3571
2.86546
2.95866
2.71084
2.58486
2.58784
2.76819
2.3993
2.75071
2.35745
2.54613
2.45252
2.53619
2.50035
2.46311
2.50498
2.67864
2.48587
2.89704
2.58187
2.92458
2.44178
2.87441
2.645
2.97608
2.6265
2.82228
2.61956
2.84993
3.02532
2.92173
2.81624
2.72705
2.94499
2.30114
2.66945
2.88826
2.89032
2.82178
2.72923
2.92385
2.74136
2.97292
2.69506
2.69033
3.05427
2.69341
2.79225
2.75352
2.82875
2.45702
2.6884
2.57986
2.71699
2.61907
2.43283
2.46423
2.6123
2.59924
2.95333
3.03677
2.99618
2.6385
2.73504
2.60748
2.87571
2.71488
2.94305
2.86528
3.15296
2.88762
2.79947
2.80755
2.85223
2.88556
2.77569
2.3531
2.58086
2.44336
2.77208
2.93491
2.42216
2.50653
2.90253
2.87582
3.02817
2.67678
3.01743
3.17525
2.78867
2.62884
3.15118
2.68072
2.95169
3.15644
3.24003
2.96842
2.75145
2.88046
2.47928
3.18311
3.04144
2.49208
2.61854
3.22669
2.9802
2.82816
2.71605
2.47911
2.47264
2.70455
2.63934
2.94426
2.79668
2.90908
2.50024
3.14195
2.83332
2.83257
3.00892
3.00059
2.64847
2.97014
2.80467
2.77104
2.59585
2.91782
3.34913
3.20708
2.72556
2.53943
2.52668
2.64751
3.09072
2.53014
2.748
2.71016
3.12553
3.13063
3.30269
2.57244
2.57862
3.13191
2.28226
2.81211
2.86889
2.7782
2.76218
2.80387
2.54054
2.87265
2.84083
2.60589
3.00914
2.55367
2.92408
2.9454
2.96357
2.3094
3.03576
2.52718
2.93376
2.87053
3.10514
3.17952
2.9339
2.67565
3.02537
2.94731
3.19842
2.85996
2.74784
2.75407
2.9132
2.86668
2.78537
3.23543
2.90673
2.69895
3.00768
2.94599
2.58636
3.19898
2.54458
3.09347
2.86479
2.69048
2.96299
2.83091
2.50228
2.83487
3.45364
2.97577
2.73546
3.12869
2.48339
2.74006
2.61551
2.79418
2.83509
2.84828
2.73966
2.90283
2.31642
3.06898
2.54226
2.30212
2.83941
3.37267
2.64311
3.13538
2.67804
2.50518
3.07335
2.66261
2.77783
3.09226
2.93035
2.67354
3.43019
2.98458
2.68018
2.8985
3.03256
3.26133
2.6578
3.0863
2.67984
2.99924
3.04275
3.46493
3.03149
2.8319
2.74921
2.99819
2.73656
2.95789
3.09813
2.80185
2.50565
2.62291
2.8721
2.72536
2.70696
2.92564
2.90996
2.75895
2.71613
2.83557
2.66863
2.93339
2.76598
2.95138
2.85602
2.88904
2.81435
2.72778
2.81049
2.38843
3.03977
2.75029
2.852
3.1013
2.81167
2.71959
2.75807
2.83158
3.01088
2.79057
2.78138
2.67409
2.5088
2.7595
3.03831
2.372
2.88032
2.86788
3.0952
2.57932
2.64169
2.69523
2.79472
3.094
3.04049
2.71712
3.00965
3.23587
3.00952
3.21098
2.89854
3.00768
2.79873
2.82928
2.87265
3.08433
2.78495
2.87934
2.92939
2.77561
2.84766
2.8329
2.92684
2.62649
2.95657
2.66172
2.5317
2.76054
2.78282
3.02827
2.82121
2.69056
3.04743
2.67478
2.8792
2.82524
3.41023
2.68687
2.79239
3.05937
3.04061
2.55093
3.03885
2.85026
2.86933
2.79206
2.80551
2.90629
3.02183
2.10586
2.94487
3.26244
2.46427
2.69451
2.96346
2.30852
2.5939
2.95654
2.35243
3.02046
2.83906
2.68132
2.97176
2.73805
2.46052
2.8996
2.7992
2.78977
2.84735
2.62624
2.73113
2.64393
2.8464
2.78059
2.72001
2.65665
3.07276
2.92889
2.37469
2.96927
2.80581
3.08448
2.81757
2.81478
2.58167
2.61418
2.71494
2.6169
2.72196
2.9518
2.69965
3.23611
3.01934
2.8493
2.92274
2.41616
2.82209
2.6421
2.61345
2.82325
2.80339
2.88615
2.92385
2.90783
2.78236
2.91379
2.94984
2.49713
2.60155
2.61476
2.86695
2.81548
3.16435
2.91698
2.93851
2.66782
2.89593
2.56636
2.32786
2.65073
2.85552
2.48255
2.61656
2.71462
2.83868
2.72981
2.46002
2.60469
2.58733
2.76558
2.53054
3.08332
2.84307
2.81646
3.17451
2.75131
2.83998
2.81164
3.24351
3.03414
3.36377
2.81775
2.83067
2.98534
3.01191
3.28912
3.09106
2.74394
3.00752
2.715
3.27242
3.38388
2.94279
3.03482
3.13215
2.99638
3.34498
3.01432
2.60873
2.60787
3.00638
2.70887
3.27301
3.09865
2.81895
2.99561
3.33294
3.27219
3.0313
3.08293
3.08374
2.73442
3.01632
3.15959
2.64935
2.96422
2.74375
3.14919
3.01776
3.05024
2.88375
3.08201
2.99467
3.1157
2.93332
2.97381
3.1585
3.15161
3.08779
2.83891
3.03429
3.0775
2.39645
3.21525
3.07321
3.11012
3.59434
3.14191
3.2343
2.99721
2.93957
2.81407
2.83491
2.93601
3.08058
3.05165
2.66703
3.42937
3.35957
2.68349
3.26952
2.8952
2.82883
3.1457
3.22391
2.84267
3.03002
2.9907
2.82325
2.61575
3.09566
2.78412
3.1776
3.28042
3.00128
2.87604
3.00894
3.10079
2.93475
3.51285
2.97742
3.21979
3.28187
3.10601
2.74389
3.12794
2.7576
2.80631
3.23892
3.16659
3.29559
3.27925
3.11296
3.28671
3.27184
2.99671
3.00377
3.14364
2.54003
2.89428
3.02122
2.41658
2.80616
2.96141
2.56311
3.24799
2.95831
3.23918
3.21494
3.17721
3.26686
3.29239
2.99501
3.03415
3.02698
3.33959
2.99465
2.66457
2.3499
3.0438
2.88875
2.81703
3.1031
2.70597
3.2113
2.86298
3.10407
2.74052
2.95935
3.16863
2.97683
3.514
3.22779
2.97877
3.25897
2.61025
2.98701
3.22444
3.13446
3.47422
3.17957
3.12054
3.11006
2.8821
2.50924
2.67312
3.04808
3.14449
2.94409
3.15473
3.25193
2.86651
2.67511
3.03737
2.92231
3.18571
3.13665
3.28497
2.54997
2.87535
3.10898
2.65578
2.98971
2.87442
3.04219
3.07879
3.43983
2.92711
2.69031
2.76019
2.51011
3.10244
2.80998
2.97947
2.49467
2.70327
2.7047
2.94373
3.11611
3.06578
3.00194
2.92895
3.197
2.87213
2.927
2.62399
2.6764
2.79613
2.76161
2.49327
2.73988
2.62359
2.8696
2.5899
2.65172
2.56374
3.01419
2.82818
3.15025
2.6994
2.93187
2.77423
3.08055
2.76955
2.89315
2.75136
2.92726
2.9354
3.24405
2.99113
3.09269
2.90886
2.6111
3.22183
2.81942
3.13983
3.05603
3.24703
2.98004
2.71788
2.68835
2.96623
3.02125
2.5376
2.69397
2.68932
3.16628
2.8878
2.96695
3.20397
3.04153
2.93335
3.02198
3.16531
3.01189
2.84979
3.07024
2.94307
3.1421
2.74487
2.73147
2.83711
3.19556
2.62048
2.97369
2.53951
2.80852
2.56446
2.98266
2.88712
2.43518
2.51907
2.94327
2.52233
2.94763
2.84969
2.81041
2.78186
2.79592
3.08838
3.00518
3.04507
2.71166
2.62518
2.75845
2.57565
2.49808
2.56427
3.01416
2.64569
2.98799
2.90786
2.74227
2.74987
2.51498
2.26296
2.68082
3.01349
2.59578
2.3023
2.55538
2.8304
2.44113
2.28495
2.56068
2.58817
2.91236
2.76174
2.47596
3.04502
2.40878
2.54347
2.72844
2.94716
2.45716
2.80565
2.73881
2.76236
2.87438
2.94435
2.57972
2.64576
2.55965
2.60451
2.44389
2.6439
2.71007
2.73452
2.79207
2.41793
2.16176
2.80661
2.69298
2.97293
2.44419
2.53154
2.57563
2.56432
2.49865
2.67189
2.52396
2.81731
2.81559
2.5251
2.53574
2.81622
2.82517
2.52742
2.64197
2.96363
2.52529
2.66284
2.65894
2.88205
2.78736
2.45699
2.55153
2.49089
2.25561
2.43656
2.89854
2.35986
2.78095
2.61959
2.74737
2.77016
2.23393
2.78412
2.44322
2.64678
2.60858
2.88774
2.55769
2.65803
2.86335
2.81086
2.83356
3.06267
3.1595
2.99656
3.26737
3.17899
2.90932
2.99789
3.34063
2.55162
2.94438
3.27296
3.02619
2.87253
2.9105
2.84628
2.84556
2.63626
2.8787
2.60029
2.30875
3.21475
3.01614
3.36865
2.58869
3.08705
3.23919
2.99459
2.68166
2.84052
2.73273
2.68922
2.93973
3.06435
3.29174
3.14479
3.08341
3.29436
3.15773
2.56237
3.06748
2.91764
3.11796
2.83906
2.82368
3.0403
2.77951
3.16965
2.84786
2.34574
3.28353
2.92104
2.91117
2.94332
3.00302
2.98249
2.50925
3.31
3.1284
2.67107
3.15454
2.96544
2.68781
3.21818
2.84489
2.7802
2.61819
2.94755
3.21821
2.53432
2.8554
2.78716
2.55813
3.06055
3.15594
2.94979
3.11107
3.16917
2.75627
3.11012
2.88674
3.13193
3.20691
3.10944
2.87325
2.94134
2.64366
2.39502
2.97966
2.61741
2.84762
2.45615
3.18157
2.5992
3.06315
2.83688
2.6189
3.0307
2.46042
2.91777
2.71706
2.79593
2.53913
3.0627
2.52384
2.67219
2.81424
2.39981
2.69579
2.60751
2.80091
2.75532
3.07424
2.65075
2.7747
2.88032
2.99884
2.89599
2.43593
3.00194
2.87925
2.90656
2.82995
3.16498
2.99353
2.75279
2.6133
2.79401
2.57883
2.56803
2.1572
2.85977
2.53896
2.63261
2.44315
2.62995
2.79269
2.9675
2.43641
3.02414
3.09224
2.81453
2.92454
2.92381
3.01799
2.95446
2.94343
2.45907
2.64029
2.6379
2.81373
2.65366
2.87684
2.54914
2.5546
2.85069
3.11451
3.06625
2.45749
2.65571
2.84163
2.27512
3.07621
2.68083
2.74533
2.85442
2.84894
2.42084
2.75213
3.0414
2.51892
2.91803
2.87765
2.59887
2.73443
2.8581
3.12012
2.66099
2.3982
2.88245
3.22575
2.93298
3.32516
2.62776
3.08929
3.23593
2.87928
2.79879
2.6295
2.81283
2.81694
2.86301
2.70636
3.00007
3.21758
2.85289
2.96834
2.89865
2.75438
3.03966
3.17872
2.89397
2.92269
3.11995
2.82102
3.052
2.91098
2.82295
2.631
3.03809
3.08158
2.97415
3.01917
2.82531
2.69222
2.71012
2.93248
2.82821
2.97547
2.943
3.08228
2.58893
2.93791
2.82902
2.7484
2.83607
2.67175
2.91744
3.02659
3.08883
2.69965
3.20892
2.87473
2.6561
2.86945
2.87602
2.90241
2.65618
2.7563
2.90612
2.71185
2.79777
2.86395
2.85796
3.26317
2.90414
2.777
2.6929
2.9363
2.61585
2.73492
2.82464
2.70938
2.92796
2.49994
2.73212
3.12185
2.77646
2.57146
2.64615
3.14394
2.687
2.96211
2.8989
3.09796
2.86899
3.09315
2.8813
3.05574
2.99372
3.17921
3.15109
2.9187
2.90518
2.85098
2.94309
3.06181
2.90753
2.78568
2.94138
2.81821
2.91588
2.69762
2.79802
2.64853
3.37664
2.99122
2.93928
2.97439
2.87534
3.03998
2.7888
2.48678
3.11259
3.07057
3.16146
2.69084
3.08231
3.21303
2.97885
2.96167
3.30016
3.1321
2.57214
3.07011
2.91875
3.13367
2.55586
2.71094
2.97663
3.0423
3.36958
2.78276
2.66003
2.75869
3.25313
2.95608
2.5541
2.89939
2.88741
2.82102
2.81622
3.18834
2.76745
2.67515
3.18199
3.03227
2.91553
3.20734
2.84674
2.83772
3.1409
2.90091
2.97358
2.88973
2.81482
2.83282
2.90799
2.87446
2.65764
2.81202
3.28096
2.76866
2.89842
2.73863
2.79254
2.73698
2.93701
2.74236
2.89052
2.7015
2.4796
2.90765
3.00235
2.90045
3.13458
2.6332
2.80363
2.64967
2.71738
3.00087
2.80562
2.61454
2.70376
2.60456
2.71804
2.78496
2.99926
2.45917
2.91597
2.60459
3.0324
2.42283
2.96091
2.43155
2.64228
2.39136
2.94175
2.95152
2.82741
2.58968
2.72902
2.81405
3.05388
3.33481
3.12949
2.86171
2.27301
2.66253
2.88455
2.90523
2.9098
2.98219
2.55175
2.47669
2.82719
2.73647
2.53876
3.13198
2.98622
3.132
2.89155
3.07629
2.47688
2.87485
2.91066
2.6744
3.09891
2.57039
3.08988
2.64814
2.33014
2.79605
2.83546
2.26778
2.47158
2.96817
2.82815
2.90828
2.54698
2.58181
2.53524
2.46984
2.60189
2.89786
2.8268
2.87714
2.60989
2.69206
3.08273
2.63053
2.96889
3.17322
3.05975
2.50315
2.97284
2.8776
2.65236
2.95257
2.78011
3.23646
2.67774
2.8237
2.71388
2.54807
2.96618
2.71378
2.48536
2.50209
2.39703
2.66165
2.51742
2.82119
2.67863
2.77529
2.8895
2.75677
3.00531
2.99535
2.55519
2.62265
2.6944
2.93257
2.86648
2.6367
2.59176
3.03182
2.70556
2.59711
2.78509
2.80262
2.60981
2.83396
2.81711
2.83735
2.52268
2.7821
2.48107
2.89047
2.24857
2.52037
2.78069
2.71948
2.81867
2.75785
2.94109
3.15166
3.0219
2.72237
3.02972
3.11159
2.91071
2.91402
2.92381
3.07044
2.46738
2.40818
2.58487
2.54017
2.74658
3.05225
2.72058
2.87093
2.84244
2.89013
2.64432
2.45436
2.49648
2.62811
3.02451
2.57238
2.76501
2.62105
2.29148
2.87873
2.69317
2.69575
2.692
3.27511
2.60557
2.6927
2.81886
3.10107
2.5435
3.14922
3.40094
2.581
2.92495
2.94914
2.70631
2.81793
2.92464
2.68675
2.75491
2.87496
2.98843
2.93277
2.86817
3.12317
2.72165
2.8727
2.81275
2.93219
2.99927
2.91127
2.8648
3.16816
3.17096
2.93772
3.08997
3.07187
2.81293
2.88522
2.94806
3.19333
3.0011
3.0183
3.10147
3.00228
2.68376
2.52306
3.0084
2.93394
2.98125
2.2372
2.43104
2.67819
2.99812
3.11251
2.96997
3.39567
2.76997
3.0893
3.2909
2.92484
2.99086
3.00785
3.04643
2.57791
2.4662
2.66517
2.71833
3.29948
3.2473
3.06739
2.9143
3.02492
3.05601
2.6752
2.96058
2.96377
2.68442
2.92476
3.03276
3.16113
2.92266
2.63746
2.16883
2.89035
2.90851
2.90863
2.7432
3.17674
2.48227
2.76344
2.92659
3.00213
2.97519
3.08443
2.89118
2.95058
2.86843
2.50015
3.16185
2.56571
2.94465
3.04704
2.93987
2.827
2.61299
2.41337
2.70023
2.94409
3.03627
2.98669
3.01387
2.9683
2.86067
3.098
2.85172
2.68872
2.82303
3.02873
2.87023
2.68421
3.19742
3.03023
2.5713
2.9878
2.93561
2.7777
2.65815
3.0314
2.84461
2.54601
2.65777
3.05413
2.95377
3.11653
3.32593
3.09312
2.61444
2.73363
2.65922
3.11151
2.96143
3.16732
3.04477
3.14333
2.94843
2.73437
3.01816
2.99126
2.51336
2.68213
3.34918
3.14299
3.08779
3.256
2.4906
3.01332
2.89923
2.90835
2.48038
2.62238
2.54724
2.93518
2.6364
2.83121
3.03516
2.87307
2.78289
2.20238
3.14522
2.75259
2.78277
2.66846
2.61436
2.90936
3.52309
2.70513
2.88494
2.81682
2.81017
3.10152
2.6283
3.00898
2.7509
2.63091
2.79284
2.89433
2.94233
2.73754
2.9055
2.56105
2.53992
2.67612
2.97413
2.8015
2.63279
2.70815
2.93913
3.27116
2.81308
3.14813
2.71204
3.21798
2.58694
2.95961
3.12912
2.66934
3.1264
3.0404
2.91208
2.28342
2.21331
2.82614
3.11278
2.83049
2.51243
2.33364
2.77483
3.13785
3.19377
3.08795
3.04574
3.15383
2.94412
2.71687
3.14024
3.26727
2.65466
2.72482
2.64871
2.44235
2.63353
2.97346
3.26968
3.37413
2.7123
2.97116
3.26579
3.02143
3.12265
3.04309
3.07028
2.76555
2.86569
2.78401
2.96145
3.28241
3.16787
2.61647
2.91964
2.83407
2.65416
2.88098
2.97568
2.80154
2.5001
2.95588
3.76655
3.06888
3.10974
3.24748
2.92503
3.21142
2.90101
3.07447
2.88167
3.40272
2.92807
3.10894
2.93022
2.89342
3.27687
3.0968
3.33473
2.97873
3.58004
2.96321
2.88239
2.96715
2.98012
3.52804
2.58256
2.92227
3.53866
3.40701
3.36024
2.76317
2.69261
3.08981
2.87778
3.2902
3.12084
2.84754
3.02172
3.15616
2.80473
2.83903
3.07584
3.31151
3.13665
3.13234
3.05865
3.42614
3.29202
3.17578
3.36446
3.65258
3.40701
3.64087
3.51355
3.15081
2.9859
3.00671
3.10026
3.2297
3.22279
3.00835
3.1144
3.25669
3.16624
3.06229
2.61017
3.0585
3.01555
2.72987
3.00696
2.85509
2.86898
3.02639
3.23948
2.77866
2.91387
3.57914
3.27436
3.05745
3.16976
3.61184
3.11177
3.40713
2.91135
2.24197
3.07795
2.81666
2.68073
2.87407
2.71364
2.73226
2.85407
2.7904
2.82563
2.61382
2.8217
2.63674
2.43718
3.27968
2.30158
2.77141
2.69844
3.20652
2.94074
2.68365
3.06726
2.83307
2.78277
2.93492
2.66907
3.14142
2.93085
3.04268
2.83427
2.63458
2.71354
2.80265
2.98272
3.06794
2.43367
3.1035
3.07955
2.78308
3.18349
2.50881
3.41377
2.62281
2.98092
2.53511
2.8083
2.64725
2.91738
3.06168
2.65188
3.23602
3.17823
2.6146
3.01537
2.80008
2.71077
2.66961
2.65168
3.30748
3.03212
3.02143
2.98539
2.86405
2.26602
2.91038
3.18206
2.38086
2.7496
2.94979
2.80896
3.10564
3.00553
2.29582
2.97015
3.24553
3.04992
3.08822
3.07292
2.88003
2.70372
2.8847
2.88314
2.76014
2.95029
2.97171
3.0976
3.01745
2.86706
2.62997
2.99457
2.7495
3.18187
3.2307
3.16948
2.99529
2.81179
3.08982
2.63813
3.27117
3.01208
3.33401
2.92799
3.12817
3.04245
3.27677
3.36562
2.73442
2.89884
2.60959
3.07372
2.89306
2.51652
2.78974
2.91334
2.89403
2.69515
2.91459
3.03285
3.08522
2.53352
3.24457
3.188
2.63374
3.25074
3.1406
3.23958
2.90235
3.29665
2.92041
2.67201
2.92713
2.56781
2.90393
3.25835
3.19852
2.96761
3.0349
3.07132
2.95771
2.83353
3.31584
2.58272
2.70926
2.922
2.8439
3.01172
3.22334
2.72264
2.56291
2.94662
2.84761
2.90861
3.27783
2.93983
2.68786
2.96282
3.03004
2.80261
3.09187
2.93491
2.89162
2.59867
2.91767
3.40861
3.09424
3.14977
2.84072
3.29193
3.16192
3.13224
2.7506
3.22512
2.75205
2.75485
2.67267
2.93515
2.88183
2.94091
2.68076
2.97012
2.80383
2.98355
3.11586
3.11662
2.79617
2.55405
2.58003
2.95323
2.752
2.92547
2.94483
2.93098
2.44828
2.51979
2.78093
3.26052
2.94878
2.86579
3.04815
3.30323
3.20877
2.89853
2.84921
2.84384
3.30884
3.12534
2.84458
3.02638
2.60024
2.60264
3.27242
3.52907
3.15473
2.95463
3.13982
2.97905
2.83051
3.38923
2.87941
2.49433
2.67952
2.65735
2.76422
2.63064
3.12345
2.72692
3.20004
2.76387
2.73116
2.98276
3.13073
2.79445
3.20955
3.13306
2.88148
2.81778
2.90504
2.34359
2.42027
2.87782
2.6796
2.58669
2.42793
2.74602
2.44887
2.26164
2.73895
2.83145
2.7821
2.18757
2.48579
2.56204
2.82704
2.57333
2.85127
2.77538
2.75949
2.7163
2.56442
2.68447
3.06659
2.74117
2.9778
2.63014
2.43703
2.37959
2.44745
2.82263
2.56051
2.45451
2.67592
2.57249
2.78237
2.74643
2.25293
3.11548
2.60382
2.73356
2.75816
2.63464
2.74508
2.89371
2.96077
2.67023
2.92416
2.87212
2.51378
2.34142
2.48868
2.58028
2.52642
2.66754
2.92344
3.02921
2.54334
2.79191
2.33407
1.96004
2.82534
2.82758
2.46744
2.66592
2.7364
2.73842
2.73293
2.25275
2.35124
2.91806
2.66705
2.93542
3.19654
2.78622
2.82241
3.07842
2.69951
2.46177
2.93933
2.68266
2.7857
2.59112
2.84763
2.44412
3.28007
2.84887
3.03919
2.80487
2.80713
2.72194
2.51314
2.85497
2.76349
3.03794
2.87504
2.86576
3.23196
2.80746
2.55542
2.7
2.65074
2.84515
2.36443
2.89398
2.80917
2.79159
2.75597
2.49897
2.72879
2.67477
3.37943
2.63186
2.63668
2.61964
2.67666
3.02865
2.97439
3.15971
2.83184
2.96171
3.32844
2.91958
3.02136
2.81227
2.81055
2.78547
3.009
2.93277
2.87569
3.20223
2.46642
2.60443
2.69895
2.77017
2.54742
2.83031
2.63019
2.9927
2.54645
2.49099
3.09475
2.80435
2.92145
2.48221
3.12715
2.54476
2.71942
2.65658
3.29224
3.19059
2.93223
2.87295
2.60058
3.00788
2.77839
3.5177
2.51329
2.76703
2.88984
2.6021
3.15289
2.97022
3.06447
2.61083
2.64927
2.94338
3.05892
3.12954
2.94184
2.9986
3.21976
3.0074
3.04594
3.08587
2.89778
3.01641
2.77053
2.80662
2.41229
2.58
2.74735
3.0658
2.63912
2.90814
2.68844
2.8904
2.75717
2.65818
3.52439
3.26871
3.15831
3.08787
3.15684
3.06782
3.28823
3.28365
3.04785
2.64245
2.81763
3.0635
3.07441
3.01965
2.8622
2.83052
2.8502
3.20206
2.8297
3.24286
3.08997
2.82629
2.43902
2.82849
2.96937
2.81637
3.05591
2.88983
2.51687
2.88543
2.84323
2.82603
2.89131
3.15809
3.04519
3.1978
2.88437
2.90003
3.00794
2.61851
2.62638
2.81508
2.89912
2.74169
2.94691
2.89508
2.90356
2.88564
2.57248
2.38664
2.70977
3.15302
2.76289
2.90599
2.55317
2.5703
2.70086
2.9739
3.0512
3.13564
2.97193
2.90995
2.75084
2.7164
2.88137
2.69673
2.52271
2.69839
2.6949
2.92223
2.67739
2.62433
2.85313
2.27716
2.88498
2.92728
3.10187
2.58036
3.01841
3.12855
3.07963
2.86906
2.82893
3.13349
2.93802
2.53685
2.77498
2.7905
2.55942
3.05745
2.81109
2.72447
2.81357
2.5955
2.44806
2.65998
2.27803
2.92762
2.81277
2.54195
2.40631
2.54869
2.63766
2.33069
2.69881
2.78086
2.86557
3.00406
2.84037
2.94797
2.65008
2.79524
3.00772
2.59126
2.75267
2.8905
2.92869
2.7444
2.74869
2.79219
3.34384
2.77288
2.73176
2.51616
2.97488
3.0117
2.83177
2.79652
3.01905
3.0439
2.71462
2.8844
2.73999
2.557
3.00807
2.81142
2.56921
2.34405
2.86039
2.90285
2.65518
2.28994
2.44725
2.42415
3.126
2.94519
2.67331
3.02131
2.91423
3.1844
2.87559
3.04606
2.80119
2.94627
2.85972
2.86906
2.83965
2.79414
2.8011
2.29419
3.2231
3.08856
2.45727
3.11271
3.09151
2.95192
2.87047
2.58943
2.65666
2.50782
2.31826
2.95411
2.59106
3.16092
2.85782
2.62439
2.90787
2.50844
3.08427
2.4397
3.02352
2.56809
3.04419
2.79356
2.90319
2.86318
2.85768
2.95289
2.47825
2.59483
2.60573
2.68017
2.90481
2.55441
2.58622
2.38326
2.7508
2.97441
2.90116
2.79642
2.78724
3.13673
2.68204
2.86184
2.93777
2.60346
2.79384
3.02624
2.80499
2.24336
2.63098
2.80639
3.235
2.31826
2.67759
2.71394
2.53522
2.87368
3.05742
3.05359
2.96034
2.93512
2.71221
3.07064
3.11404
2.65908
3.01577
3.35669
2.89064
2.75992
2.85772
2.69462
2.91031
2.81039
3.07441
2.81423
3.07048
2.62121
2.90305
2.67501
2.58913
2.69146
2.53708
3.21467
2.65346
2.93414
2.9402
2.59248
3.18675
2.94091
2.92419
2.86611
3.04075
2.51953
3.00291
2.87833
2.55636
2.77186
2.51321
2.88529
2.4486
2.73016
3.04104
2.77975
2.56734
2.85894
2.63113
2.95166
2.84833
2.90638
2.90749
2.79915
2.7797
2.49821
2.89554
2.73263
2.88451
2.65604
2.99768
2.69035
2.93383
2.98661
2.74722
2.83752
2.85599
3.11647
3.12269
2.84376
3.10496
2.60732
2.72927
3.05735
2.75345
3.03695
2.81895
2.76299
2.98766
3.03751
3.17884
2.7769
2.89663
2.73102
2.4412
2.57772
2.90937
2.52966
2.92284
3.0243
2.81469
2.60789
2.59126
2.6684
2.58341
3.28383
3.14323
2.86191
2.68129
2.94371
2.405
2.89655
2.70823
2.8624
3.16072
2.74846
2.81632
2.91141
2.69164
2.67722
2.56453
2.35492
2.72718
3.04317
2.77001
3.24086
2.94295
2.91404
2.62392
2.84314
2.54904
2.9006
2.71368
2.91148
3.18694
2.89796
3.12718
2.81948
3.12274
3.22117
2.8014
2.74234
2.5734
2.68777
2.92684
2.90781
2.40902
2.73698
2.74587
3.15719
2.77125
2.53453
3.02838
3.16445
3.28073
3.09285
3.04152
2.98049
2.94265
3.0853
2.86336
3.03092
2.89768
2.72779
2.82538
2.86926
2.83805
2.53921
2.94203
2.99589
3.02257
2.84668
2.42852
2.49927
2.33785
3.07734
2.94598
2.54082
2.92126
3.07907
2.49014
2.9413
2.59794
3.01155
2.80012
2.95628
2.93461
2.72867
2.69104
2.75136
2.52293
2.38927
3.0741
2.6074
2.94283
2.33723
2.6392
3.14854
2.85295
2.63935
2.54335
3.11193
2.89172
2.82356
2.61983
3.05972
2.87605
2.94201
3.2615
3.09214
2.65203
3.14918
2.64985
3.03114
2.62093
2.59112
2.78712
3.03394
3.15191
2.87897
2.5736
2.78936
2.62357
2.70252
2.9824
2.80606
3.07497
2.84639
2.96075
2.97245
3.10459
3.19229
2.51818
2.61173
3.15456
3.11411
2.80134
2.85577
3.08056
2.78556
2.36686
2.9388
2.81135
2.49599
2.56045
3.1173
2.62278
2.61163
3.09448
2.54487
3.03556
2.65223
3.06316
2.76595
2.5251
2.60232
2.96272
2.94229
2.69526
2.5094
2.72701
3.03892
2.77685
2.78417
2.73824
2.69297
2.41873
2.5329
2.54909
2.82625
2.69102
2.76227
3.02206
2.67521
2.45858
2.61908
2.45219
2.54631
2.37576
2.86135
2.63747
2.61282
2.67721
2.49933
2.75439
2.80699
2.89597
2.83727
2.68751
2.59658
3.09391
2.62517
2.76106
2.69416
2.68814
3.20513
3.25359
2.69483
2.78612
2.47507
2.4492
2.56722
2.65997
2.60912
2.19116
2.54662
2.63915
2.78557
2.4215
2.74268
2.30388
2.59377
2.50288
2.66761
2.39573
2.51575
2.91041
2.39565
2.77934
2.3905
2.7898
2.71812
2.65403
2.58252
2.91802
2.98853
2.44555
2.74372
2.84722
3.15305
2.60573
2.70244
2.93825
2.85381
2.51445
3.04972
2.95991
2.52132
3.08009
2.9072
3.10081
2.82161
3.05008
3.19359
2.86014
2.83551
2.47056
2.64964
2.93362
2.97355
2.62432
2.63864
3.18251
2.89186
2.86314
2.63382
3.22078
2.68679
2.81082
2.77184
3.17209
3.10029
2.87462
3.00149
3.13415
3.14204
2.99412
2.80904
2.63247
2.84562
2.57755
2.79427
2.57677
3.46435
3.09315
2.67157
2.773
2.74666
2.48561
2.81937
2.77964
2.61588
2.89938
3.06381
2.67781
2.86612
2.91366
2.67731
3.22131
3.07881
2.73652
2.63485
2.7692
2.74394
2.75343
2.52266
2.24612
2.82772
2.79399
2.30526
2.6771
2.7841
2.73151
2.56237
2.89976
2.61178
3.08131
3.06531
2.8486
2.8357
3.09051
2.37445
2.64446
2.6331
2.9405
2.78632
2.57674
2.65687
2.55194
2.86185
2.54428
2.59952
2.90593
2.59074
2.61
2.72555
2.72248
2.75575
2.65726
3.06185
3.2276
2.42813
2.76224
2.67713
2.41862
2.77345
2.84718
2.31921
2.84983
2.85678
2.55608
2.42842
2.83109
2.33619
2.50815
2.96186
2.84086
2.73481
2.81498
3.01905
2.48253
3.10443
2.59082
2.85805
3.03782
2.50904
2.5474
2.87274
2.6776
2.99878
2.64625
2.97942
2.76826
2.92763
3.04068
3.17328
3.17611
2.81568
2.77097
3.37805
2.96557
2.35758
2.75376
2.62321
2.84707
2.97542
2.95037
2.05489
2.61942
2.63523
3.43796
2.42666
2.83785
2.87137
2.70096
2.82138
2.96611
3.34302
2.57179
2.60035
2.81016
2.98007
3.02459
3.5147
3.17429
3.24342
2.50187
2.89108
2.70893
2.76913
2.95305
2.975
2.78782
2.76796
3.38266
3.02159
2.91336
2.84302
2.68119
2.46782
2.97101
3.13868
2.68732
3.05559
2.92064
2.7129
2.91769
2.89603
2.93643
2.87124
3.18061
2.98707
2.90245
2.65558
3.07962
2.6941
2.91551
2.77196
3.34389
2.80403
2.79681
2.8216
2.89669
2.82617
3.18494
3.14245
3.09874
3.02462
2.94512
2.96903
2.93035
3.01854
2.75682
3.26491
2.51549
2.45141
2.85996
2.71152
2.91762
2.94948
2.76494
3.26511
2.71
2.96718
2.73395
2.72739
2.97604
2.79832
3.03139
2.50147
2.98454
3.08098
2.76288
3.16978
3.04364
2.9758
2.90294
3.37177
3.04169
3.02942
2.87723
2.95979
3.09074
2.60765
2.85093
2.9179
2.69602
3.00036
2.82033
2.70362
3.33447
3.14665
2.5319
2.76045
3.19197
2.71941
2.70163
2.66318
2.79318
3.00325
3.03001
2.99883
2.9624
3.26116
2.74756
3.1687
3.1519
3.12325
2.85722
3.09663
2.56443
3.05831
3.03161
3.1657
2.8683
2.94812
3.15576
3.09661
2.83842
3.01943
2.87949
2.71339
2.89585
3.13531
2.96538
3.15155
2.83931
3.06791
2.88235
3.1345
3.57154
3.00029
3.515
2.80536
3.00148
2.80003
2.78223
2.5883
3.23425
2.82912
3.09128
3.03277
2.60987
2.91402
3.0945
2.94513
2.56464
3.05735
3.38837
2.85383
2.70726
2.9346
2.90765
2.98335
2.7658
3.39041
3.06722
2.82149
2.91431
3.4696
2.65721
2.55228
2.72209
3.17597
2.55407
2.55096
2.97726
2.85175
2.55187
2.90615
2.98132
3.12363
2.71237
2.71712
3.10864
2.66329
2.93193
2.83009
3.05063
2.9218
2.60042
2.67112
3.01045
2.5894
3.04788
2.46495
3.00462
2.57024
3.0197
2.72915
2.46176
2.8185
3.05795
2.9006
2.95484
2.80751
2.85637
2.53428
2.63519
2.93356
2.60756
2.97743
2.63819
2.84432
2.57038
2.39382
3.04404
2.52967
2.42669
2.76149
3.25423
2.66956
2.91938
2.72711
2.63383
2.78301
2.85006
3.01617
3.09236
2.52604
2.75991
2.97117
2.7985
2.47149
2.72535
2.80809
2.59251
3.07256
2.60365
2.74335
2.54979
3.05425
2.73623
2.76966
3.02641
2.67883
2.49311
2.55329
2.62016
2.3784
2.79072
2.31413
2.6641
2.64796
3.09128
2.82414
2.72676
3.27459
2.76117
3.11728
2.94931
3.00619
3.01186
3.47753
3.1741
2.84594
2.98458
2.42392
2.75729
2.87662
3.08382
2.72964
3.03364
2.73662
2.8479
2.87033
2.77888
2.85133
2.51559
2.55202
2.61945
2.86747
2.84654
2.59983
3.18352
2.81071
2.54461
2.67986
2.77147
2.81994
2.74818
2.94577
3.09097
2.81753
2.87342
2.79082
3.13714
2.84137
2.94177
2.9039
2.69395
3.03199
2.73152
2.64412
2.59229
2.35987
2.70146
2.50268
2.72749
2.98845
2.98443
2.61047
2.78965
2.61284
2.67361
2.81418
3.0025
2.936
2.93833
3.21885
2.92503
2.83607
2.87383
3.07532
3.33427
2.81671
2.86146
2.68233
2.38291
2.76324
3.02546
2.61039
2.73142
3.03202
2.78614
2.86306
2.97286
2.28413
2.63447
2.77026
2.58813
2.9136
2.70967
2.91637
2.76144
2.88629
2.72774
2.57009
2.92279
3.15349
3.20138
3.07485
3.52568
3.11486
2.72013
2.91771
2.99583
2.72895
3.01748
2.60896
3.40929
3.02896
2.92594
2.9218
2.55977
2.57749
2.67769
2.58327
2.50055
2.95031
2.44938
3.01
2.99766
3.51306
2.59574
2.99007
2.76658
3.10586
3.01908
3.05446
2.92073
3.01528
2.87698
3.39758
3.39558
2.89004
2.52457
2.89111
2.68261
2.92532
3.22626
2.63242
3.00945
3.1915
2.79654
3.07885
2.77496
2.40097
2.78973
2.77767
2.57018
2.60813
2.97524
3.36082
2.9392
3.25916
2.40251
2.87663
3.11218
2.42517
2.56169
3.31507
3.32633
2.58764
2.85941
3.03626
2.71745
3.16428
3.31727
3.05607
2.88875
2.94722
2.87378
2.6883
3.16406
2.87131
3.04793
2.83129
2.65038
3.06023
3.21842
3.10495
2.44601
2.73319
2.80125
3.00778
3.04865
2.87939
2.47541
2.79227
3.12001
3.29416
3.0973
2.69781
2.88831
2.9619
2.66151
3.0676
2.76212
2.87237
2.74106
2.9485
3.03391
2.88172
2.79518
2.79845
2.62371
2.72413
2.8527
2.80546
2.68572
3.09665
2.76315
3.17345
2.53904
3.08427
2.9154
2.7558
2.94018
3.25991
2.42334
3.09161
3.35893
2.90206
2.76716
3.07534
2.85584
3.07949
2.94067
2.91811
2.2981
2.91568
2.66801
2.5964
2.9411
2.62985
2.83188
2.98535
3.12958
3.06849
2.71671
3.21126
3.15379
2.92173
3.10159
2.92769
3.01307
3.2923
3.30201
2.76186
2.87657
2.57551
2.81894
2.59333
3.26449
2.85731
3.10503
3.06171
3.03739
3.00983
2.75052
3.12741
2.6584
2.62775
3.02893
3.06628
2.92235
2.56597
3.00839
2.27405
3.32453
3.01021
2.93587
2.72975
2.95857
2.76664
2.82798
2.9176
2.57958
3.41999
2.96768
2.94349
2.83621
2.82929
2.88208
3.07618
2.73564
2.99655
2.96674
2.85932
2.90579
2.46887
2.94113
2.51346
2.8787
2.71344
2.73794
2.86869
3.20674
3.24535
2.88434
2.71825
3.48484
3.08948
3.31299
3.33563
3.14811
2.84658
2.80599
2.91022
2.77667
2.65613
2.52921
2.95176
3.14958
2.93848
2.93033
2.4591
2.58265
2.5978
3.02067
2.70557
2.67437
2.86428
2.49228
2.85507
3.03465
2.7191
3.19668
2.99188
3.08577
3.21918
3.22938
2.63897
3.09018
3.03987
3.18292
2.88919
2.79069
2.7251
3.0639
2.87802
2.82477
2.84192
2.85244
2.82436
2.76102
2.92022
2.69345
3.16287
2.98764
2.62476
2.6416
2.72707
3.03395
2.89895
2.97532
2.97874
3.05036
3.18266
3.02947
3.22217
2.93678
2.51578
3.01882
2.84075
2.69536
2.54414
2.63805
3.00855
2.9963
2.82406
2.5311
2.70501
2.84502
2.8147
2.64007
2.36719
2.90283
3.00438
2.90165
2.67798
2.93427
2.5916
3.19361
2.58933
2.9194
2.90403
2.69206
3.04343
3.48022
3.12536
3.00089
2.81548
2.9299
3.02465
3.07203
2.95559
2.83596
2.69372
2.95977
2.93123
3.2536
3.07967
3.05501
2.73197
2.8157
3.0679
3.02747
3.00572
3.03686
2.71242
2.92686
3.20421
2.88332
2.85835
2.80119
2.85275
2.73484
3.20843
3.01904
3.34229
3.11922
2.76477
2.74256
3.03587
3.07434
2.88846
2.68078
2.74319
3.03134
2.58973
2.95303
3.16047
2.9092
2.55446
2.82508
2.48319
3.26774
3.00698
2.65421
2.97424
3.0299
3.19375
2.98123
2.89737
3.27837
3.0137
2.8488
2.31998
2.85458
2.41895
3.05825
2.96348
3.00904
2.88871
2.89214
3.06996
3.09757
3.31764
3.34427
3.12776
3.23792
3.15457
3.08909
3.14149
3.00059
3.40579
2.97085
2.82147
2.90778
2.53558
2.92314
3.09877
2.75199
3.25419
3.44175
2.69682
3.16608
2.8323
2.75471
2.55808
2.95329
3.18023
2.94524
3.08861
3.05941
2.72887
3.05142
2.75189
2.75091
3.27227
2.91337
2.85643
3.09261
3.06067
2.66206
2.65606
3.10018
3.03192
2.82839
2.88724
3.17145
3.01549
3.33553
2.64422
2.85241
2.91456
2.88035
2.95815
3.03936
3.27421
2.93492
2.51429
2.85652
3.04438
2.5338
3.67346
3.22154
3.17043
3.12848
2.79776
2.71696
3.06454
2.85488
3.11356
2.75347
2.69175
2.92913
2.86832
2.86179
3.10958
2.92612
2.68172
3.14674
3.34355
2.54003
2.61893
2.83424
2.8034
2.98483
2.72234
2.98536
2.51267
3.44164
3.24631
3.33578
2.93363
2.67915
2.77068
2.55546
2.44455
2.71247
3.14899
2.57011
2.68489
2.6176
2.82048
2.89765
3.35039
3.01238
2.7692
2.77421
2.85121
3.02431
2.95801
3.10472
3.0087
3.53376
3.53175
2.75119
3.19343
2.78632
2.61144
2.67798
3.00844
2.76415
3.01398
3.10423
2.98995
2.86298
2.74245
2.6357
2.41781
3.14633
2.73802
2.94456
2.52287
2.65091
3.04889
2.8156
2.87343
2.68739
3.20348
2.97804
3.13257
3.17512
3.14223
2.80587
2.64137
2.81283
2.99678
2.73702
2.7717
2.64523
2.92087
2.68704
2.67053
2.75593
2.80481
2.84286
2.92278
2.91256
2.99874
2.98297
2.87922
2.57376
3.07839
3.3282
3.1911
2.91288
2.77324
2.88223
2.67587
2.70318
2.94749
2.91878
2.55814
2.74147
2.98577
2.4662
3.30025
2.66765
2.98508
2.67189
2.24962
3.09341
2.51804
2.93617
3.13398
2.84964
2.69397
2.75289
3.12716
3.01333
2.93147
2.9984
3.41722
2.77112
2.78177
2.99506
2.86416
3.01396
2.87296
3.01625
2.62982
2.9171
3.17351
2.8677
2.90132
2.946
2.51978
2.73821
2.93427
2.64342
3.11769
2.87963
3.18154
3.45653
2.78174
2.91974
2.83707
2.41947
3.11826
3.09196
2.41343
2.85953
3.22221
2.79479
2.56999
2.84089
2.47793
2.35759
2.93622
2.87384
2.76888
2.76881
2.85105
2.72738
3.07586
2.86017
2.68509
2.9414
3.38108
2.86186
3.01858
3.1154
3.02896
2.75818
2.55668
2.83643
2.77171
2.72533
2.41856
3.02987
2.78019
3.21144
2.73804
2.672
3.10655
3.19019
2.64612
3.09141
2.95695
2.86493
2.83153
3.07186
2.54106
2.84386
2.70922
2.25767
2.64883
3.12858
2.98232
3.03072
2.93127
3.07742
2.97447
2.95113
2.71808
2.55479
2.57283
2.54387
2.78469
2.68031
2.92621
2.61243
2.99862
2.9603
2.4012
2.79026
3.03397
3.10464
2.88827
3.33699
2.96804
2.78927
2.38441
2.41785
2.29742
2.36253
3.09592
2.42925
3.47422
2.64311
2.14956
3.04446
2.95632
2.85288
2.41658
2.75104
2.77076
2.96435
3.37278
2.65772
3.05032
2.67887
2.71873
2.4587
2.88201
2.60266
2.71343
2.71396
2.69221
3.01336
2.59986
2.42883
2.09022
2.66881
2.74695
2.7334
2.70242
2.22315
3.16041
2.35968
3.05306
2.64776
2.89912
2.55255
2.74281
2.85953
2.9458
2.83346
2.43768
2.52194
3.20116
2.29809
2.43165
2.4668
2.75192
2.87625
2.89534
3.29654
2.93168
2.9983
2.7787
3.29945
2.92726
3.17208
2.9153
3.08339
2.64938
2.6303
2.69568
2.56701
2.94517
2.93906
2.8674
3.03942
3.30055
2.93274
2.98232
2.55607
2.33484
2.41945
2.77511
2.99455
2.66155
3.23853
2.99478
2.83491
2.69976
2.78733
2.67667
3.0173
3.12164
2.64147
2.78008
2.72091
2.29149
2.78453
2.5349
2.67311
2.70182
3.10388
2.91543
2.6163
3.14009
2.90259
2.8023
2.75932
2.42263
3.37069
2.90565
3.19335
2.68081
2.6081
2.4775
2.41863
2.70687
2.94991
2.91335
2.92892
2.57186
3.02411
3.19861
2.9318
2.7688
2.774
2.43454
2.8202
2.42562
2.76623
2.87609
2.98858
2.34141
2.74233
2.93635
2.54361
2.99794
2.78014
2.57461
2.71893
3.03795
2.89153
2.62341
3.09648
2.9727
3.25916
2.93252
2.80724
3.19424
3.0578
3.00949
2.92384
2.7636
3.15027
3.29841
3.2498
2.95606
2.79574
2.47428
2.78286
2.41223
2.87705
2.68642
3.10037
2.74167
2.77714
2.76795
3.26503
2.88526
2.40236
2.67518
2.92271
2.75869
2.85064
2.61458
3.15383
2.56155
2.74577
2.72561
2.92631
3.18475
2.93565
2.78366
2.78418
2.91951
2.7451
3.04567
2.61041
3.58448
2.87562
2.482
2.89335
2.9727
2.92924
2.81017
2.88273
3.02977
2.96367
3.08787
2.41262
3.26403
2.99349
2.87894
2.803
3.01141
2.87153
2.78838
3.16903
2.75956
3.07679
2.65372
2.80298
2.85582
2.51716
2.84689
2.99178
2.54691
2.64762
3.19481
2.69783
2.91481
2.6016
2.66981
2.87988
2.93599
2.55725
3.06458
2.88182
2.64406
2.4882
3.1087
2.4428
2.45019
2.89522
2.63693
2.72097
2.38392
2.63469
2.92746
2.80828
3.07559
2.84523
2.89559
2.67777
2.57708
2.84439
2.55033
2.76191
2.54547
2.66243
2.88017
2.6982
2.49587
2.51165
2.34692
2.54385
2.59685
2.72033
2.25968
2.5737
2.94962
2.72276
2.9313
2.70415
2.85113
2.28949
2.91029
2.50025
3.01817
2.59624
2.68854
2.75521
3.165
2.83046
3.06412
3.08144
3.16559
2.91617
3.24331
3.0843
3.23692
3.14489
2.94476
2.88252
2.40834
2.67272
2.95709
3.41378
3.1432
2.95324
2.88005
3.03698
3.05765
2.87844
2.78098
2.76569
2.69198
2.82457
2.74505
2.60757
3.12523
2.91843
2.67203
2.64787
3.06965
2.93777
2.98925
3.06562
2.88903
2.92724
2.9751
2.9003
2.42758
2.88368
2.89083
3.24064
3.10619
2.90502
3.16099
3.1243
3.05511
2.86986
2.66007
2.89557
2.8827
2.87986
2.80711
3.17279
2.99514
2.58036
3.09893
2.72255
2.88752
2.72484
2.56986
2.77296
2.65278
2.76857
3.06722
2.7511
2.77394
2.96421
2.75468
3.0508
2.57728
3.05881
2.25966
3.02712
2.88495
3.06466
2.69481
3.30716
3.31751
3.24548
3.24244
3.14131
2.71185
3.12767
2.9855
3.06664
3.06429
3.16816
2.77515
2.942
2.82616
2.79598
2.97939
2.55693
2.98004
2.97014
3.30111
2.51953
2.64313
3.12925
3.12242
2.75797
2.87685
3.22994
2.96391
3.08646
2.41699
2.6549
3.05183
2.92439
2.99841
3.28578
3.60107
2.9962
3.14963
2.79893
2.77353
2.71577
2.70532
2.87831
3.03411
3.01831
3.05458
3.06993
2.94223
3.05053
2.6901
2.98785
3.0434
3.08259
3.1559
2.78452
2.81127
2.95371
2.89798
2.62702
3.03052
2.51017
2.83066
2.50643
3.07954
2.74639
2.73347
2.6589
3.08319
3.08982
3.00901
2.45942
3.06384
2.58865
3.11085
3.04278
3.30951
2.77207
3.10053
2.75462
2.80441
2.84615
2.86467
3.01551
2.66645
3.22705
2.60657
2.79612
3.20247
2.61158
2.84577
2.78323
2.78287
2.87983
2.82189
2.9175
2.97427
2.68039
2.66013
2.33344
2.37148
2.91819
2.69313
2.32208
2.70405
2.67321
2.40423
2.64479
2.9991
2.61223
2.74245
2.6525
3.00299
2.84502
2.55213
3.01979
3.10336
3.11096
2.99349
3.32216
3.01174
2.77283
3.13375
3.19284
3.09443
2.77203
2.91721
3.14811
3.10235
2.78837
3.08162
3.11098
2.84095
2.73734
2.59493
2.95662
3.19852
2.96045
2.87467
2.51872
2.72367
3.0164
3.09128
2.94144
2.51949
3.20296
2.76347
2.67287
2.78052
3.31305
3.24288
2.94843
2.75859
2.93554
3.15444
3.33922
3.21922
2.71015
2.95183
3.26731
2.47131
3.30858
3.17287
2.66254
2.9435
3.25695
2.98506
3.04142
2.52282
3.07397
2.94253
2.81223
3.14392
3.0682
2.58199
2.98384
3.11862
3.25914
2.71229
2.72891
3.03881
3.06343
3.31783
2.96839
3.14896
3.10468
3.14171
2.88163
2.85055
3.08844
3.37972
3.08862
2.61151
3.13304
2.57423
2.7142
2.97262
2.97063
2.86087
2.82545
3.31082
3.1098
2.60943
3.24145
2.91664
2.76109
3.15375
3.37159
2.67589
2.64317
2.85858
2.33057
3.18817
2.98676
2.65561
2.94662
3.06606
2.87808
3.05625
2.72521
3.08738
2.7716
2.77371
3.08094
2.81661
3.19722
2.76116
2.50373
3.11356
2.82692
2.67166
2.77543
2.72773
3.01463
2.83159
2.54844
2.34893
2.73366
2.95248
2.53049
2.71422
2.73642
2.55866
2.93423
2.92549
2.8464
2.83623
2.89274
2.93877
3.43601
2.61719
2.7669
2.83385
3.154
3.17862
3.36824
2.85702
2.72605
2.67326
2.68324
2.74517
2.81845
2.83184
2.85057
2.60413
3.09684
3.0175
3.071
3.2629
3.06192
2.88389
3.0209
2.63796
2.71351
3.08669
3.09655
2.65659
3.1541
2.87982
3.08012
3.21006
2.86118
3.10892
3.46201
2.71676
3.28831
3.26223
3.01422
2.89592
2.64793
2.86129
2.78643
3.11531
2.96686
2.78385
2.87167
2.56144
2.54086
2.99097
3.10876
2.63651
2.58958
2.94486
3.24458
2.72018
2.73114
3.08812
2.79078
3.09652
2.50021
2.84682
3.15891
3.08821
3.02423
3.14636
2.5301
2.81954
3.03019
3.04089
3.27237
2.79805
2.75451
3.18453
3.16259
3.05371
2.90546
3.42348
3.08752
3.0122
2.74538
3.0608
2.92777
2.88179
2.76911
2.95163
3.19946
2.92599
2.76897
3.61066
2.98936
2.86057
3.10295
3.35155
2.49606
2.97168
3.12593
3.24566
3.04288
3.05872
3.07414
2.94793
3.35259
3.55582
3.02915
3.06854
3.40876
3.0066
3.1043
3.11827
3.37517
2.53491
3.19105
3.26351
3.06554
3.22167
2.867
3.29781
3.05561
2.78246
3.1355
2.721
3.25459
2.39285
2.75744
3.09456
3.15896
3.00115
2.32339
3.21477
3.22289
2.38378
3.02218
3.12462
2.82256
3.22451
2.90593
2.85347
3.01714
2.91984
2.88569
2.74695
2.6252
2.66337
3.1771
2.69922
2.91377
2.75866
2.69654
2.8304
3.3773
3.29825
2.82515
3.05553
2.66576
2.90162
2.7287
3.50305
3.28315
2.98066
2.92449
3.06429
2.70447
2.94789
3.29516
2.88414
2.72631
3.04558
3.18487
3.06411
3.335
2.77734
2.55546
2.82579
2.71263
3.0176
3.05536
3.00302
2.84128
2.70708
2.52929
2.57525
2.63531
2.96629
2.95647
3.06475
2.64093
2.79528
2.83353
2.83001
2.89232
2.59748
2.77061
2.85316
2.27943
2.84208
2.88234
2.74109
2.65043
2.59168
2.53776
2.64224
3.08489
3.05795
2.646
2.72751
2.93289
2.80417
2.83587
2.63377
2.79508
2.59584
2.66037
2.89793
2.48355
2.42401
2.45366
2.69684
2.47125
2.6589
2.4815
2.67084
2.29117
2.5169
2.51686
2.52369
2.75607
3.01374
3.02774
2.75157
2.77031
2.8801
2.77369
2.86914
2.81782
2.78716
3.0548
2.89423
2.7046
2.84746
2.52647
2.56246
2.47509
2.99867
2.82209
2.73038
2.76676
2.20667
3.19159
2.46911
3.08665
3.00095
2.71525
2.33246
3.04658
2.6341
2.63546
2.68803
3.03563
3.22133
3.13016
2.73836
2.84979
2.84642
2.81709
3.18701
2.95146
2.52199
2.52149
2.91734
2.6503
3.22514
3.07665
2.68905
2.96233
3.05749
2.81385
3.39107
3.02261
2.90862
2.73465
2.86468
2.82584
2.62746
2.56215
2.59278
2.73327
3.09205
2.83187
2.58282
2.38726
2.98206
2.63538
2.86849
2.89412
2.90167
3.34743
3.40294
3.31333
3.24629
2.8254
2.8801
3.33725
2.91447
2.82176
2.5855
2.88145
2.56188
2.84503
2.88442
2.55224
2.69245
2.96915
2.81752
3.06161
2.4735
3.02486
2.749
2.67658
2.82393
3.2101
2.85978
3.17863
3.05038
2.97144
2.90868
2.88354
2.59454
3.01853
2.84836
2.84173
2.64042
3.14707
2.47492
2.92419
2.93289
2.94238
3.18354
3.17179
3.07114
3.17398
2.93538
2.66543
2.91654
2.97604
2.63537
2.79806
3.06367
3.27219
2.76028
2.69445
3.26852
2.99959
2.86528
2.62685
3.35367
3.01439
3.24015
2.97841
3.26392
2.80983
2.96615
3.02347
2.75933
2.72048
2.78229
3.15139
2.36894
2.72126
2.96074
2.86345
2.78191
2.49141
3.10755
3.11897
2.94656
2.92266
3.13751
2.65797
2.92191
2.68888
2.81201
2.90755
3.16062
2.67526
2.56745
2.5598
2.61077
2.72832
2.6155
3.04491
2.6686
3.10434
2.33981
2.96348
2.94914
2.61957
2.71295
2.60316
2.59521
2.5403
2.57011
3.04711
2.89009
2.70876
2.77986
3.05893
2.82685
2.98053
2.90706
3.10297
2.90682
2.39798
2.79825
2.79674
2.75941
2.83958
2.72465
2.63923
3.01477
2.32202
2.91051
3.12492
2.42769
2.9488
2.78407
2.69987
2.88437
3.0271
2.50537
2.78977
2.64742
2.57756
2.72583
2.3057
2.50605
2.79613
2.67272
2.58452
2.94297
2.67158
2.97747
2.66179
2.98699
2.82008
2.80179
2.8804
2.43408
3.1362
2.67971
2.80045
2.52228
3.18798
2.98364
2.87011
3.00716
2.86754
2.96223
3.00152
2.86537
2.64762
3.25558
3.09678
3.03257
3.0295
2.98949
2.4694
2.90183
2.61516
2.46655
2.69968
2.32402
2.4838
2.79084
2.7343
3.07742
2.80451
3.0121
2.48626
2.84897
2.6659
2.99671
2.5631
2.95219
3.05797
3.24277
2.91359
2.76138
2.93224
2.78171
2.86553
3.03388
3.15745
2.76838
3.0367
2.85106
3.16113
2.95319
2.63676
2.58357
2.87062
2.65047
2.46651
2.497
2.77256
2.928
3.30698
3.23641
3.046
3.00427
3.1155
3.00499
2.71073
2.65401
2.83314
3.10177
2.90143
3.10703
3.18645
2.89608
2.65614
3.14054
3.01388
2.59997
3.06181
2.92117
3.0009
3.23113
3.02955
2.70282
2.98848
2.70308
