9.12621
8.73174
9.28186
8.74729
9.12136
9.17812
9.48429
9.27338
8.87705
9.21502
9.05211
8.85321
8.80997
8.73544
9.18851
9.2091
8.78281
9.69896
8.99754
8.93269
9.26797
9.02795
9.09549
9.15935
8.93367
9.08411
9.33542
8.89721
8.79344
9.08889
9.21297
9.04644
8.70924
9.27751
9.22581
9.12333
8.99286
9.28453
9.25536
8.62234
8.93228
8.92771
8.92034
9.1649
9.49247
8.95817
8.9212
8.89112
9.16889
8.74189
8.98378
8.95107
9.25988
8.83366
9.13373
9.54429
9.18479
9.41439
9.33695
9.08643
9.13059
9.42745
9.35725
8.69427
9.20658
8.81206
9.04788
9.50811
9.36719
8.69609
8.78944
8.90106
9.07189
9.1602
9.33437
8.87479
8.93194
9.42243
9.07964
8.7617
9.31153
9.22456
9.0597
8.88544
9.22526
9.19143
8.9028
9.15111
9.07038
9.00999
9.59508
9.13606
8.88723
9.55587
8.87775
9.22556
9.30028
9.0317
9.07121
9.23954
8.97011
8.6731
9.08683
9.35758
9.37284
9.50142
9.03129
8.96937
9.42253
9.23313
9.10893
8.86142
9.3078
9.26196
9.15514
9.28955
9.37305
9.298
9.53073
9.17077
9.07329
9.11321
8.84559
9.29342
9.14931
9.56013
9.22006
9.30664
8.95056
9.53174
9.36248
9.06056
9.36289
9.16611
9.15629
8.98369
9.31929
9.33806
8.73991
8.73683
9.5868
9.42814
9.15329
9.00111
9.23436
9.2576
9.30572
9.35866
9.30406
9.19434
9.38185
9.24622
9.29521
9.0977
8.86156
9.3043
9.43788
9.31121
9.37972
8.99916
9.20713
9.17662
9.18517
9.18004
9.33344
9.35608
9.08803
9.05567
8.73879
9.46473
9.01607
9.62979
9.0056
9.18562
8.93208
9.27982
8.97828
8.9298
9.135
9.0397
8.99316
9.3683
8.99498
9.14726
9.0899
9.35479
8.86421
9.24009
9.03487
9.0967
9.30608
8.97055
9.40305
9.294
9.42591
8.82977
8.6955
8.95283
9.01146
9.02193
8.99699
9.26167
9.16141
9.13906
9.13765
9.03984
9.17156
9.06545
9.2209
9.26764
9.26345
8.96027
9.46878
8.95835
9.44935
8.95663
8.89339
9.23625
8.76803
9.13481
9.19508
9.34764
8.82196
9.31926
9.2017
8.9041
9.13071
8.82314
9.30375
8.99165
9.35213
8.72072
8.20727
9.31864
8.63811
9.13659
8.92364
9.20859
9.07103
9.34064
8.9943
9.13492
9.04172
8.94103
9.24475
8.88864
8.8253
9.48995
8.96406
8.99368
9.19049
8.65592
9.22027
9.03554
9.22633
9.10358
8.87661
9.48977
8.89117
8.95058
9.01042
9.46263
9.13529
9.32018
8.66155
9.08289
8.96899
9.1962
9.11523
9.59204
9.48197
9.10456
9.26477
8.87552
8.86863
9.41616
8.90702
8.78942
8.97316
9.10656
8.91146
9.05461
9.33088
9.02238
9.1258
9.7113
9.13984
8.76371
9.25267
9.20961
9.13676
9.11302
8.96792
9.06547
9.2454
9.10725
9.32429
9.25572
9.32285
8.73373
9.04272
9.26525
9.25335
9.02647
9.03279
9.31171
9.16597
8.8866
9.34267
9.37689
9.1024
9.43704
9.19485
9.17139
8.95905
8.88106
9.20823
9.59884
9.43348
9.15959
9.29017
8.99866
9.30621
9.04043
9.08701
9.0372
9.21571
9.17497
9.43104
9.1256
9.44846
9.16626
9.13552
9.12978
9.58081
9.46574
9.37166
9.69618
9.10678
9.22197
8.89148
9.05102
9.09625
9.30071
9.33757
8.68419
9.14011
8.86143
9.36167
9.27068
8.97432
9.18023
9.31394
9.52214
9.57169
9.51297
9.52248
9.33248
10.0399
9.66875
9.13125
9.39274
9.6953
9.60822
9.29811
9.50584
9.38687
9.06322
9.62655
9.63087
9.28347
9.00381
9.37438
8.76733
8.94769
9.55823
9.27265
8.96571
9.40797
9.23802
9.04884
9.19793
8.97062
9.25039
9.15293
9.09363
9.41066
9.7179
9.14002
9.25598
8.93677
8.57072
9.30972
8.78842
8.87148
8.70628
9.20226
9.0148
9.00429
8.73242
9.3656
9.34334
8.7585
9.15015
8.99756
8.43254
9.42488
9.02642
9.11683
9.18007
8.3124
8.76109
9.48458
9.19193
8.70844
8.76105
8.66748
9.02062
8.67091
9.0799
8.93671
8.90879
8.88507
9.34353
8.92104
9.0414
8.79807
8.64555
8.80367
8.65614
9.20924
9.03451
9.10409
9.21208
8.85728
8.71845
8.9645
8.78446
8.76671
8.78688
8.64368
9.51371
8.62579
9.0458
8.96491
9.1977
8.9595
8.86387
9.11767
8.5765
9.17413
8.98208
8.9106
9.05569
9.03313
8.92085
8.84677
9.01549
9.13219
9.05759
8.96244
9.00112
8.41036
8.81807
8.84208
8.83371
8.91346
8.99676
8.88308
9.01561
9.3506
8.66207
9.4607
9.04964
8.70897
8.40063
8.76261
8.72828
8.99484
8.57018
9.12015
9.08035
8.85798
8.99066
8.97054
9.24333
9.34587
9.05798
9.26893
9.05789
8.95829
9.06507
8.81234
8.6172
9.38989
9.1006
8.71058
9.33092
9.39375
8.442
9.37575
9.10916
8.90519
9.12813
9.59685
9.0869
9.45617
9.15806
9.11959
8.99309
8.93767
9.57816
9.05165
9.13117
9.78193
9.03424
9.27571
9.24179
8.90418
9.37445
9.04005
8.98047
9.11388
9.18026
9.26556
9.28434
9.44307
8.88132
9.19851
9.09752
9.0472
8.93337
8.91807
9.36784
9.16884
9.1445
8.99214
8.95702
9.2945
8.96289
9.20941
9.31195
9.64703
9.26611
9.18666
9.44922
9.06627
9.24786
9.33827
9.13803
8.7998
8.87883
9.22936
9.70571
9.48799
8.87316
8.90566
9.42791
9.38784
9.15407
8.82336
9.09665
9.07804
8.50989
9.34464
9.5541
9.50649
9.58431
9.31771
9.06651
9.34795
8.87649
9.00724
9.20614
9.0972
9.49707
8.75091
9.2585
9.3496
8.98389
9.27989
8.91452
8.86287
9.36344
9.46983
9.22729
8.79586
9.33309
9.28205
9.45065
9.12195
9.14742
8.84746
9.17033
9.0954
9.35154
8.84001
9.34907
9.20699
9.34311
8.79131
8.9196
9.09092
9.08401
9.19256
9.01043
9.06892
8.99255
9.25841
8.79167
9.03758
8.92271
9.35785
8.94559
9.06255
8.80174
9.24596
9.26398
9.27381
8.89056
8.92145
9.14291
9.21569
8.96261
9.08372
9.38476
8.96303
8.84936
9.09909
8.67515
9.11702
8.97852
9.04582
9.29948
9.22543
9.34896
8.73696
9.66142
9.23584
9.36379
9.53485
9.12628
9.32853
9.33729
9.00852
9.09112
9.43959
9.33596
9.21829
8.95501
9.40228
9.07608
9.07216
9.18701
8.73625
8.96159
8.95069
9.37255
8.69702
9.13042
9.32461
8.96878
9.06487
9.31166
8.90767
8.87833
9.00363
9.33376
9.24834
9.3453
9.1566
8.98655
9.15184
9.41695
9.42201
9.05902
9.59686
9.21343
9.2975
9.2695
8.93671
9.12695
9.64288
8.97133
9.44551
9.27461
9.04951
9.44909
9.28303
9.43995
9.42492
9.24734
9.14036
9.50529
8.98192
8.7472
9.69588
9.06474
9.38727
9.40453
9.29916
9.04408
9.09143
9.29131
9.40841
9.37792
9.20537
8.98651
9.19171
9.19474
9.28488
9.30087
8.8692
9.28608
9.27052
9.47343
9.12101
9.6377
9.16667
9.28296
9.09532
9.14243
9.39013
9.39372
8.98481
9.28283
9.06025
9.0231
9.37082
9.36861
9.4374
9.62847
9.41342
9.09995
9.39373
8.9824
9.92636
9.14383
9.09642
9.32303
9.39029
9.18053
9.23368
9.18029
9.22986
9.54963
9.31447
9.11257
8.94789
9.49164
9.11983
9.2328
9.1975
8.98389
9.17688
9.44653
9.03164
9.04662
9.02431
8.97397
9.36858
9.28116
9.20057
9.59688
9.20285
8.83992
9.44142
9.45593
9.52782
9.14831
9.13576
9.50498
9.26328
9.2233
8.88485
8.96851
9.11502
8.84201
9.03659
8.68557
9.28563
9.1589
9.07982
9.22267
9.30996
9.03353
9.32272
9.24574
9.10917
9.6034
9.2246
9.11097
9.05788
9.12162
9.77531
9.24766
9.20604
8.90023
9.00469
8.8347
9.3037
8.79866
9.00819
9.0343
8.92357
9.3838
9.07445
9.2919
9.0444
9.3655
9.11103
9.18266
8.88269
8.79997
9.21011
8.85496
9.18112
8.96825
9.4228
9.16102
8.76959
8.99042
9.04658
9.64786
9.05959
8.83628
9.24382
9.32976
9.17534
9.21306
9.09634
9.20389
8.93416
9.58818
9.17925
8.6457
9.47789
9.18635
9.22895
9.12145
8.71137
8.98513
8.71496
9.29089
9.4058
9.28694
9.28172
9.08783
9.16402
9.28074
8.9465
9.56791
9.55632
9.02377
9.34299
8.71284
9.01469
8.85839
9.02481
8.76702
9.33309
9.16001
9.10932
9.0374
9.0465
9.08821
9.42569
8.98264
9.13653
9.19852
8.79902
9.3072
9.51444
9.36634
9.06735
9.33884
9.40467
9.31587
9.27119
9.12324
9.4291
9.58106
9.15543
9.62987
9.33694
9.20739
8.65458
9.31587
8.9383
8.70747
9.21046
9.27363
8.93406
9.05835
9.44737
9.10418
9.10249
9.1599
9.24701
9.26048
9.139
9.40873
9.30346
9.12238
9.06277
9.43175
9.24588
9.27444
9.47159
9.10395
9.56097
9.01179
9.19602
9.99018
9.46177
9.12337
9.29431
9.19633
9.15969
9.05948
9.33475
9.06461
9.21891
9.23635
9.30833
9.1764
9.23014
9.08287
8.84851
8.76025
9.15056
8.66377
8.8609
8.75818
8.94897
8.69275
9.11044
8.8163
9.07577
8.94669
9.04087
8.8738
9.49745
8.95068
9.00341
9.05665
9.3386
8.74974
8.96595
9.14633
9.13361
8.71795
9.16238
8.86254
8.51474
9.42198
8.97883
8.81134
8.59519
9.14981
8.70412
8.95932
8.97237
9.11028
8.78925
8.85623
9.23934
9.02581
9.14375
9.04846
9.1138
8.87387
8.6625
8.65734
8.99345
8.7629
8.93406
8.78329
8.73048
9.1754
8.95837
9.31715
8.96775
8.91354
8.77857
8.84841
8.96932
8.89652
9.00771
8.37164
9.06446
8.64761
8.76115
9.02713
9.05688
8.89162
9.12997
9.2946
8.57702
8.81033
8.55081
8.7718
9.3927
8.54866
8.82157
9.10232
8.85198
9.11091
9.16229
8.94338
9.16363
8.87259
9.26171
8.70713
8.70068
8.84196
9.0078
8.7097
8.85875
8.80891
8.99418
8.91183
9.16329
8.65697
8.84839
9.26829
8.9838
8.76976
8.96807
9.01043
9.29725
8.91614
8.84139
9.10173
9.35396
9.03764
8.80274
9.52848
9.20336
8.766
9.19706
9.26805
8.80549
9.17614
9.0582
9.14195
9.36701
9.25228
8.97477
9.68839
9.13902
8.98143
9.01089
9.28726
9.49354
8.75653
9.18427
8.92348
9.52658
9.36278
9.10679
9.15406
9.3805
9.2978
9.30256
9.09538
9.41094
9.45775
9.24343
9.02515
9.09983
9.33698
9.42841
9.01237
9.20169
9.117
9.19019
8.79311
9.4807
9.17436
8.86788
9.19881
8.92205
9.04028
8.79377
9.66733
9.28073
9.46946
9.02494
9.56761
9.02019
9.37928
9.5284
9.08938
9.27318
8.94062
9.56399
9.27414
9.1647
8.97434
9.35303
9.33438
9.33255
9.45774
8.91001
9.52772
8.91844
9.31127
9.08464
8.99382
9.22488
9.0402
9.15196
9.02153
9.10703
9.18166
9.03207
8.86806
9.27459
9.19653
9.25603
9.44823
9.1035
9.05446
8.96476
8.99069
9.0351
9.88863
9.20458
9.07513
9.22365
9.28239
8.81636
9.20088
9.04145
9.37035
9.22073
9.37096
9.33801
8.71091
9.109
8.98202
9.31262
8.95289
9.35011
9.14731
9.10754
9.1042
9.29645
9.16585
8.79688
9.03053
9.12084
8.96074
9.19042
9.20732
8.98525
9.26738
9.43127
9.34199
9.40872
9.13327
9.18234
9.29347
9.39407
8.92629
9.23688
9.15054
9.33975
9.32201
9.19168
9.2935
8.95495
9.43971
9.13775
9.03294
8.90021
9.3712
9.36732
8.99299
9.00409
9.10033
8.96206
9.31708
9.04735
9.42153
8.94001
9.15395
9.23319
9.13038
9.08501
9.17346
8.96849
8.83018
9.52062
9.31413
9.13545
9.16708
8.9467
9.09668
9.27809
9.17491
9.25203
9.1804
9.06054
9.14109
9.33216
9.16809
9.40389
8.93725
9.23556
8.83353
9.11508
9.59659
8.83567
8.93845
9.20335
8.95971
9.1917
8.92141
9.2671
8.91753
9.42002
9.11134
8.93897
9.29308
8.93739
9.18942
9.158
9.36075
9.211
9.41577
8.89918
9.26991
9.29651
9.00657
8.90776
8.95863
8.99635
8.41465
9.45612
9.14552
9.17318
8.77303
8.73522
9.06458
9.22101
8.97778
9.47073
9.05882
8.94681
9.37886
8.99346
8.78712
9.13678
9.20789
9.22268
8.95861
9.46424
8.76237
9.14005
9.18911
9.15023
9.21915
9.36811
9.22882
9.32642
9.49943
9.25166
9.10608
9.37945
8.73964
8.99126
9.30233
8.94452
9.15682
8.96294
9.05551
8.9752
9.07411
9.19536
9.35839
8.82405
9.46618
8.83423
8.87793
9.28761
9.03892
8.9795
8.92524
9.05682
9.40621
9.13215
8.89734
9.32342
9.30622
9.22242
8.95495
9.16481
8.9313
8.76455
8.61314
8.99729
8.64956
9.13563
8.85268
9.13359
9.19641
9.19025
9.21971
8.9695
9.02813
9.1293
8.89923
8.99844
8.98651
8.85327
9.00092
9.29082
9.34066
9.54891
8.94538
9.12815
8.50165
8.90823
9.21469
8.97072
8.95203
8.87181
8.93182
8.82062
9.49192
8.86111
8.99453
8.77099
8.94268
9.27102
9.0362
9.04763
9.12969
8.8851
9.16398
9.31436
9.11842
8.84365
9.18512
9.08333
8.80709
9.31179
9.14799
8.90696
8.70459
9.17377
9.20741
9.44326
8.89034
9.07838
9.12553
9.11913
9.08925
8.92602
9.27735
8.54401
8.94325
8.88251
9.12073
9.22255
9.07791
8.84314
8.554
8.66437
8.77657
8.91321
8.94984
9.02159
8.91185
9.23097
9.16782
9.08689
8.95151
9.08527
9.14783
9.17919
9.46956
9.02071
9.41379
9.30959
9.30513
9.0241
9.25347
9.16893
9.00917
9.57329
9.06546
9.01051
8.85213
9.37118
9.31618
9.12052
8.91841
9.16687
8.93555
9.27631
9.06125
9.18235
9.25316
8.9683
9.2485
9.1494
9.18082
9.36218
9.25517
9.24623
9.07706
8.94179
9.05165
9.12026
9.08302
8.92707
8.90595
9.21138
9.13986
9.08208
8.94275
9.35675
8.73377
9.417
9.20012
9.10895
9.61269
9.34876
9.33499
9.99489
9.18122
9.21186
9.49142
8.90527
8.96358
9.07696
9.30049
9.10572
8.73001
9.38679
9.61179
9.01366
9.41039
9.10862
9.5996
9.18434
9.05537
9.41772
8.8747
9.459
9.05801
9.10425
9.40785
8.72022
9.18419
9.32328
9.05265
9.38284
9.13063
9.29012
9.05862
9.00705
9.4485
8.89783
9.23654
9.24483
8.9312
9.67792
9.3978
9.1408
9.44725
8.88787
9.13696
9.30093
9.1575
9.38533
9.21986
9.05627
9.16322
9.25493
9.3442
9.25469
9.29518
9.07945
9.19751
9.1349
9.17557
9.5774
9.54037
9.48712
9.00934
9.10696
9.05348
9.48386
8.9956
9.06457
9.03991
9.39796
9.179
9.22014
9.5825
9.09326
9.39842
9.41233
9.02389
9.36219
9.31489
9.15487
9.13637
9.26825
9.15745
9.21276
9.25382
9.39762
9.06246
9.01641
9.5182
9.54983
9.20976
9.32238
9.28637
9.01356
9.10791
9.42677
9.46825
9.20648
8.88546
8.64118
8.585
9.34824
9.07302
9.04691
9.12357
8.73295
9.50973
9.17435
8.78716
9.34936
9.0623
9.34946
9.66324
9.30042
9.11966
9.20697
8.98084
9.49518
8.91004
9.10151
8.9357
9.09182
8.90991
9.19833
8.96487
9.24032
8.8901
8.96708
9.44934
8.93746
9.37565
9.24125
9.04391
9.25958
9.02733
8.79634
8.92924
9.07473
9.10709
9.40861
8.84541
9.15178
9.04934
9.29769
8.97308
9.10053
9.49282
8.98726
9.00763
8.81332
8.93356
8.80746
8.75722
8.82299
9.18157
8.73738
9.00918
9.39326
9.16498
8.82209
9.06373
8.95027
8.66272
9.15257
8.95502
9.13591
9.29356
9.47329
8.88033
8.90371
9.20498
8.81641
9.49524
9.35981
9.20205
9.05168
9.55067
9.07801
8.74579
9.21594
8.9229
8.74417
8.71096
9.20541
9.25981
8.93654
9.3795
8.90324
8.7397
9.55064
8.72497
9.19263
9.45342
8.80865
9.32388
9.29122
8.88335
9.33605
9.73873
8.93348
9.248
9.4486
9.30155
9.24035
9.6241
9.26556
9.09389
9.30134
9.30264
9.26372
9.48836
9.44849
9.41383
9.33275
9.39055
9.68937
9.43592
9.4924
9.39393
9.30938
9.38481
9.23726
9.55269
9.34865
9.58079
9.48638
9.07825
9.46608
9.60683
9.26043
9.00204
9.50931
9.4872
9.00162
9.35016
9.0647
9.27544
9.14209
9.35261
9.34498
8.81492
9.03765
9.59406
9.14435
9.48823
8.94491
9.24301
9.8363
9.3147
9.27762
9.1002
9.46201
9.35527
9.34636
9.57554
9.5195
9.13412
9.07628
9.76493
9.04429
9.12742
8.67674
8.78547
9.1334
9.30733
9.27365
9.54916
9.48353
8.90693
8.93558
9.21047
9.25615
9.16712
9.36786
9.33479
9.4822
8.91598
9.39971
9.15501
9.35733
9.46661
8.96814
9.40878
9.04209
9.19133
9.50801
9.40568
9.00166
9.15693
9.56175
9.31409
9.49326
9.06185
9.03942
9.60549
9.38086
8.68336
9.07107
9.56131
8.86643
9.30249
9.50033
8.82882
9.02871
9.42778
8.91813
9.30384
9.22515
9.17267
9.25288
9.39697
9.16618
9.43748
9.4396
9.05121
9.65473
9.05248
9.28664
9.15435
9.12776
9.01327
9.30004
9.15651
9.43862
9.17008
8.9822
9.66215
9.48761
9.53333
9.09077
9.36865
9.48233
9.22081
9.34856
9.04886
9.48815
9.08502
8.96266
8.94149
9.14665
9.3239
9.055
9.18291
9.09861
9.26402
8.92747
9.13105
9.27625
8.95442
9.61554
9.13538
9.02084
9.12547
9.54476
9.46856
9.33647
9.26806
9.30472
9.29304
8.93944
9.11148
8.98999
8.7765
9.29441
8.84644
9.28855
9.18667
9.00466
8.60972
9.08141
9.45026
9.27359
9.049
9.0958
9.24969
8.79688
9.182
8.69823
9.02435
8.70761
8.5882
9.15884
8.95249
9.17553
9.37052
9.01514
9.26493
9.11735
8.92923
9.0071
8.97723
9.12636
8.90825
8.57033
9.4973
8.63295
8.90372
9.08719
8.67414
9.06886
8.9041
9.26262
9.11955
9.44937
8.61946
8.65301
9.05355
8.68599
8.93271
8.90785
9.29449
9.07388
9.76749
9.38088
8.7054
8.57234
8.88766
9.09103
8.53136
8.91143
8.95487
8.98788
9.155
9.24701
8.84534
8.70509
9.00784
8.83842
8.93879
9.00914
8.88415
9.15658
8.88302
9.07559
9.18195
9.24609
8.92724
9.29034
9.3375
9.22703
9.30772
9.29234
9.1773
8.82255
9.51929
9.20689
9.10085
9.16293
9.39607
8.96984
9.20576
9.19744
9.19398
8.90835
9.33321
9.82006
9.29348
9.28861
9.17485
9.43123
8.95973
9.18655
9.07495
8.99658
9.23652
9.03735
9.23985
9.09614
9.11439
9.20272
9.01994
9.40711
9.49376
9.18477
9.19266
9.24699
9.45655
9.52213
9.44425
9.24803
9.31344
9.48439
9.00641
9.53499
9.31034
9.23002
9.51884
9.25658
9.50412
9.4283
9.69166
9.3298
9.16109
9.29248
9.49291
8.99788
9.15281
9.22995
9.27078
9.16486
9.22096
9.12419
9.22974
9.4102
9.21254
9.14919
8.98753
9.32715
9.30667
9.36396
9.46985
9.16669
9.84801
9.3192
8.99323
9.60682
9.25704
9.01214
9.62249
9.11896
9.29755
8.61281
8.7478
9.14696
9.13337
9.14917
8.89935
8.92762
9.21689
9.35206
8.74221
9.00679
8.93925
8.68289
9.08784
9.08177
9.03184
9.37967
8.87101
9.04011
8.86365
8.93266
8.97286
9.20731
8.84831
8.87425
9.3146
8.69135
9.23865
9.1786
8.93067
8.51514
9.06589
8.90752
8.7824
9.2022
9.36955
9.1675
9.38116
9.43643
9.01886
9.62233
9.16174
8.55191
9.02912
9.6486
8.75827
9.26276
9.14296
9.15391
8.7875
9.64278
8.99529
8.68853
9.1202
8.84963
9.03965
9.08274
9.21668
9.21139
8.78122
9.19315
8.96668
8.92448
9.32771
9.30218
9.048
9.21389
9.08247
8.96429
9.07856
8.92477
9.30099
9.14923
9.17455
8.91169
8.83007
9.09071
8.91285
8.75802
8.98894
9.10774
9.12365
8.7665
9.24437
9.11395
9.05719
8.88462
9.32886
9.56154
8.82742
8.87892
8.89849
8.61377
9.44256
9.01071
9.12224
9.26575
8.65375
9.0686
9.03305
8.8808
8.84468
8.59551
9.57367
9.13904
8.98452
8.96719
9.14594
9.06795
8.85454
9.23222
9.28186
9.02591
9.36359
9.21431
9.42627
9.21227
9.37593
9.05391
9.34005
9.0308
9.32202
9.48895
9.14075
9.31585
8.87237
8.894
9.10372
8.7204
9.20461
9.13622
8.98385
8.87699
8.85225
9.48646
8.80453
9.4301
8.52708
8.59563
9.55772
8.94865
9.3313
9.28643
9.29957
9.31657
9.00922
8.95034
9.28758
8.86088
9.17656
9.33526
9.09764
9.14903
9.29651
9.09788
9.35983
8.92755
9.03155
9.18462
9.29403
8.92043
8.8811
9.04058
9.00689
8.9858
8.55609
9.12759
8.86463
9.29922
8.80643
9.12579
8.98069
9.34186
9.40911
9.26282
8.65607
9.35094
9.41308
8.95997
9.15869
8.76565
8.87748
8.85299
8.87933
9.04162
9.26291
9.42847
8.76545
9.32276
9.3442
9.37923
9.25787
9.55015
8.38634
9.13458
9.09825
9.21716
8.8694
9.09362
9.15777
9.06757
9.27431
9.39469
9.27561
9.17065
8.81963
9.08921
8.75208
9.16767
8.78365
8.58738
9.3635
9.00463
9.43225
9.40169
9.15545
9.34193
9.06424
9.1864
9.16732
9.17532
9.25757
9.24952
9.23655
9.21366
9.27508
8.83231
9.28646
9.26778
9.05516
8.97653
9.19011
9.19273
9.03275
9.01043
9.39698
9.49226
9.4384
8.96942
9.00049
9.08649
9.04384
9.33785
9.06453
9.49552
9.17753
9.15939
9.35178
8.99283
9.01619
9.00701
9.32583
9.00349
9.5658
8.99055
9.17
8.9974
9.15409
9.21173
8.72966
9.09308
9.19751
9.3876
9.37116
9.12052
9.33888
9.3791
9.42121
9.30431
9.58571
9.64039
9.33961
8.98362
9.28453
8.86051
8.98217
9.03108
9.09068
9.14645
9.20759
8.94429
9.2601
9.12347
8.92393
9.57873
9.19089
9.01604
9.17744
9.17732
8.85071
9.55898
8.8878
8.80449
9.4715
9.35444
9.26845
9.11652
9.06233
9.01774
9.30761
8.88198
9.18149
9.25095
9.02451
9.78401
9.40041
9.03131
9.09235
9.02812
9.05181
9.56374
8.94263
9.2198
9.29976
9.00828
9.4717
9.59937
8.97523
9.21394
9.24954
9.36717
9.09366
9.24372
8.99405
8.69872
9.10208
9.17331
8.78021
8.88454
9.06078
9.24998
8.79749
8.8288
9.1099
8.9563
9.13592
9.17639
9.50859
9.36651
9.08256
8.99023
9.29849
9.19676
9.13679
9.52986
9.33208
8.9279
8.89944
9.07077
9.17526
9.08054
9.68367
9.07109
8.95399
9.20009
8.99564
9.34923
9.10748
9.59338
9.07493
9.09774
8.94971
8.95538
9.35088
8.72403
9.34495
9.65208
8.98467
9.22547
9.18378
9.16611
9.23297
9.08718
9.49876
9.64601
9.25165
9.0731
8.97574
9.68255
9.1118
9.11486
8.61334
9.38583
9.23768
9.27269
9.13979
8.9654
9.39232
9.32741
9.30185
9.38529
9.05446
9.1631
9.08217
9.26059
9.0148
9.18173
9.76147
9.45781
9.46316
9.3857
9.1173
9.45564
8.85268
9.06401
9.41312
9.34404
9.26102
8.99619
9.37562
9.7196
9.33974
9.32388
9.12835
9.47028
8.97002
9.46386
8.97919
9.51708
8.99151
9.43558
8.9606
8.97916
9.5368
9.04778
8.99045
9.45375
9.32955
9.17263
8.94958
9.48037
9.16379
9.21334
9.62352
8.99099
9.19637
9.37974
8.88563
9.61555
9.32121
9.32726
9.07488
9.35222
9.15736
9.11258
9.34209
9.02455
8.98573
9.26908
9.21649
8.7979
9.00491
9.15222
9.25453
9.12128
9.00227
9.00465
9.1432
9.1878
9.34481
9.33309
9.26967
9.00355
9.21079
9.27809
8.44831
9.0614
8.94654
9.13415
9.07338
8.70958
8.89691
8.92704
9.3987
9.04356
9.51259
9.49574
9.01874
9.27214
9.11468
9.1931
9.11028
9.38413
8.97987
9.26169
9.06439
9.17622
9.3321
9.22429
8.99519
8.98537
9.3364
8.73279
8.62595
9.57545
9.22394
9.18488
8.62292
9.42308
9.04583
9.11131
9.4029
9.01617
9.05479
9.10439
8.79366
8.89334
9.42915
9.30066
9.16447
9.26289
8.9891
9.17924
9.4307
9.51568
9.63348
9.0821
9.03525
9.33563
8.87968
8.8186
9.20656
9.24967
8.90423
9.14377
9.26337
9.27043
9.1162
8.97452
8.99069
8.55272
9.15884
8.88847
9.20364
8.7566
9.66798
9.09745
9.2513
9.01463
9.4818
9.0361
8.897
9.19592
9.33569
8.83014
9.08364
9.35269
9.05495
9.0469
9.05896
9.14371
9.73192
9.52614
9.05757
9.15078
9.22792
9.28854
9.12399
9.12746
9.09414
9.10545
9.16395
9.03677
8.95281
9.00678
9.36456
9.08648
8.71026
9.33423
8.87528
8.96314
9.35082
8.70202
8.81927
9.63189
8.83978
8.96547
9.14893
9.01066
9.25169
9.42293
8.89444
9.49751
9.21402
9.19571
9.09845
9.01087
9.25527
9.27718
8.79885
9.08927
9.3126
9.43744
8.95167
8.69776
9.25587
9.15724
8.94144
9.4772
9.04721
9.1034
9.05356
8.8486
9.49432
9.13964
9.13209
9.20018
9.34074
9.03458
9.02187
9.36649
9.35019
8.82004
9.02544
9.06284
9.42239
9.11004
9.1996
9.17573
9.18661
9.27667
8.92809
8.91712
8.93142
9.28017
9.23369
9.26937
9.63718
9.3791
8.78852
8.98882
8.84212
9.09007
9.122
8.85125
9.07261
9.19476
9.10387
8.87359
9.05911
9.25024
8.86108
9.24779
8.93504
8.90786
9.04995
9.05557
9.35498
9.4737
9.04461
9.11997
9.24198
9.24767
8.96852
9.05115
9.3265
9.1814
8.9489
8.80479
9.23473
9.1862
8.90191
8.66944
8.96261
9.09911
9.13437
8.8532
8.92554
9.26884
8.95785
8.72597
9.1245
8.7434
8.96942
9.00297
8.78923
9.04216
8.79748
9.22887
9.55069
9.27074
9.27416
9.25354
9.45706
9.07047
8.8382
9.02181
9.10704
9.44487
9.1262
8.87828
8.77505
9.46617
9.10972
9.22298
9.19507
9.2594
8.8268
9.39143
9.12507
8.63446
9.36644
8.89231
9.39897
8.76837
9.38461
8.97537
9.17499
9.26437
9.10417
8.88194
9.42838
9.01434
9.08288
8.96912
8.8142
9.20877
9.15349
9.11771
9.02374
9.12326
9.55945
9.40948
9.1168
9.18927
9.2475
9.60676
9.43569
8.80402
9.10973
9.22852
9.17149
9.24185
8.97143
9.41918
9.30087
9.31221
9.23973
9.22524
8.8225
9.26311
9.19942
9.02833
9.0832
8.8064
9.39208
9.50367
9.48753
8.99906
9.2341
9.67566
8.7359
9.2763
9.32617
9.05851
9.53012
9.59902
9.26356
9.47123
9.45155
9.5028
9.24239
9.35075
9.37564
8.90496
9.22261
9.3196
9.30252
8.73956
9.40272
9.45382
8.96566
9.26211
9.32003
9.59409
9.6121
9.37535
9.11687
9.2589
9.17303
9.35859
9.24427
9.11826
9.44294
9.16849
9.29031
9.46449
8.91442
8.9386
9.2708
8.94989
8.90377
9.02952
9.22198
9.16341
8.65071
8.92557
8.84352
9.27366
9.19373
9.36238
8.77419
9.04403
8.92829
8.86044
8.53903
8.72836
8.70346
9.04406
9.25343
8.96208
9.03806
9.2165
9.05716
9.19893
9.14768
9.29915
9.07238
9.35313
9.04826
8.73273
9.21303
8.71849
9.07277
9.04845
9.57502
9.28455
9.41565
8.79608
9.11047
8.76099
9.03706
9.17417
8.88867
9.20892
9.34677
9.19436
9.13287
9.27884
8.93517
9.1832
8.90559
8.97261
9.08831
9.23442
8.93643
8.95785
9.46815
9.32434
9.06755
9.02262
8.81693
9.04054
9.13139
9.11565
8.87206
9.05332
8.93601
9.2812
8.92788
8.86527
9.22432
9.67556
9.29194
9.41299
9.39672
9.31509
9.15223
9.17591
8.96992
8.96531
9.30007
8.9021
9.46127
9.24981
8.90172
9.30713
9.32037
9.43688
9.10264
9.42741
9.08573
9.30526
9.39013
9.35349
8.97435
9.36294
9.28625
9.16017
9.14999
9.25744
9.24848
9.61491
9.29312
9.46543
8.90552
9.4188
9.18064
9.09684
9.45467
8.90074
9.01112
8.82947
9.53468
8.89113
9.10538
9.25773
8.99239
8.65582
9.15563
9.19659
9.20043
9.25611
9.01186
9.51057
9.67955
8.94252
8.83515
9.27206
9.5466
9.29058
9.16727
9.50201
8.92571
9.38671
8.94023
9.60462
9.31039
9.3165
9.07243
9.33371
9.3141
9.17032
9.29068
8.72956
9.41989
9.31963
9.23148
9.57094
9.33347
9.26516
9.38736
9.39537
9.12696
9.53209
9.56158
8.86095
9.58769
9.49898
8.78226
9.17727
9.14434
9.14545
8.94679
9.40115
8.96773
9.1241
9.55751
9.10263
8.52835
9.14971
9.48832
8.98546
9.30523
9.26676
9.04732
9.00162
9.44595
8.90919
9.10538
9.50581
8.94177
9.00136
9.2612
8.86681
9.36579
9.21002
9.25053
9.76999
9.28298
9.1589
9.33187
8.77889
9.39572
9.16276
8.86717
9.01953
9.44279
8.96009
9.33567
9.34689
9.04119
9.05778
9.08249
8.96716
9.53949
9.45111
9.31554
9.11608
8.91374
8.85953
9.70225
8.93439
8.78828
9.2055
9.29503
8.92659
9.32736
9.32929
8.95946
9.13136
9.09203
9.23544
9.38632
9.49474
9.49807
9.36527
9.31147
9.43205
9.49323
8.99467
9.41033
9.35067
9.33485
9.48845
9.3757
9.42247
9.30442
9.12588
8.73169
8.85227
9.14141
9.41838
9.94175
9.08701
9.13724
9.43771
9.06722
9.2776
9.69646
9.30175
9.50959
9.17422
9.15144
8.93029
8.6552
8.97636
9.09747
8.90422
8.66741
9.14613
8.69108
9.03481
8.9995
8.71522
8.87509
8.7016
9.09337
9.0715
8.91427
9.20331
8.63415
8.94335
9.29803
8.97302
8.87882
9.02896
8.96463
8.92679
8.79679
9.45794
9.03963
9.33162
9.14958
8.86568
9.27923
8.98577
9.19561
9.3585
9.20659
9.06716
9.09457
8.53662
9.22614
8.30287
9.20175
8.75723
8.76708
9.13789
8.72491
9.25199
8.77106
9.14407
8.61533
8.95344
8.84245
9.08833
9.37314
8.93364
8.94633
9.29834
9.01155
9.02884
9.15383
9.02524
9.10197
9.07728
9.27343
9.6294
8.98982
8.69589
9.26293
9.27845
9.20276
8.9776
8.8725
9.02531
8.76196
9.04389
9.05968
8.88647
9.36916
8.87204
8.55199
8.85413
8.71603
9.11427
9.22329
9.05333
8.83681
8.93252
8.82949
9.01871
9.30367
8.95324
9.2078
9.1703
8.74334
8.92743
9.08711
8.90575
8.96386
9.06251
9.29498
9.22113
8.8249
8.77549
9.25397
9.11314
9.12193
9.0075
8.93977
9.3314
9.17611
9.09322
8.9512
9.03129
8.91115
8.91332
9.67319
9.366
9.37745
9.43824
9.23681
9.55142
9.09393
9.10545
9.00248
9.35127
8.99392
8.87208
9.23879
9.34983
9.31648
9.10062
9.31778
9.36851
9.61422
9.17875
9.47251
8.96862
9.07962
8.90725
8.9511
9.42019
9.24101
9.21923
9.29987
9.33989
9.00848
9.14419
9.46808
9.30982
9.58103
9.06999
8.71503
9.75392
9.08007
8.49764
9.29125
9.23735
9.31857
10.013
9.35987
9.15197
9.02302
9.60677
9.29531
9.33836
9.45873
8.88744
9.02929
8.97278
9.67528
9.39678
8.99487
9.21542
9.35565
8.9701
9.73638
9.20076
9.00771
9.38238
9.26526
9.31127
9.39056
9.22032
9.01551
8.91645
9.29139
9.28937
9.06754
9.37407
9.50143
9.14498
8.99018
9.12395
9.32176
9.14604
9.51286
9.27551
9.17348
8.92631
9.38359
9.05166
8.86948
8.90076
9.04512
9.15084
9.33095
9.53359
9.2374
9.61417
9.45695
9.3968
9.43423
9.69436
9.27021
9.3111
9.57957
9.20286
9.49398
9.35451
8.88453
9.22939
9.24668
9.18332
9.14368
9.5213
9.24214
9.51719
8.9495
9.06855
9.2446
9.13295
9.74332
9.03902
9.51085
9.66979
9.28412
9.49573
9.5175
9.06856
9.26397
9.14485
9.40025
9.55216
8.65331
8.84716
9.01716
9.26196
8.98565
9.04638
9.02196
8.96061
8.87118
8.94932
8.81629
9.13707
8.64728
9.10114
8.98343
8.84974
8.88209
8.91642
9.05933
9.11327
8.86593
9.31589
8.98349
9.23191
9.12663
8.5463
9.50999
9.28767
8.74962
8.66136
9.14564
8.85417
9.16115
8.95184
9.28166
8.75254
8.62994
8.74567
8.95904
9.33634
9.17374
9.02866
9.11577
8.95702
9.32912
8.90015
9.06234
8.76133
8.62906
9.06368
8.67705
9.25989
8.70603
9.13084
9.13911
9.10585
8.88667
8.98481
9.44234
8.97053
9.16485
9.34154
9.36757
9.25335
8.93373
8.62981
8.9457
8.86393
9.07659
9.03014
8.58284
9.28411
8.81342
9.21931
9.11125
8.70847
9.00864
8.98671
9.31014
8.73675
9.35944
9.14695
8.86256
9.24636
8.72572
8.8962
8.80652
8.97114
9.13217
9.29611
8.82914
9.1737
8.81827
8.85703
9.16844
8.79736
8.88899
8.92762
9.23329
8.96383
8.96411
8.70718
8.61271
9.11825
9.02313
8.78058
9.14547
8.97124
9.1194
9.01939
8.98256
8.85993
9.17229
8.99311
8.99245
9.05979
9.45142
9.11422
9.01937
9.08563
8.90293
8.94994
9.56377
8.99521
9.16871
9.2778
9.04816
9.27603
9.14068
9.51427
8.95177
9.17326
9.08775
9.06415
9.53808
9.11564
9.16651
8.91811
8.8983
9.40383
9.4451
9.45171
8.7957
9.07901
9.08092
9.15268
9.05245
9.49327
8.74861
9.43231
8.97604
8.74888
9.20871
9.09451
9.21107
9.14365
9.31047
8.83249
9.26862
9.1955
9.02632
8.93832
9.48485
9.27017
9.32568
9.20524
9.10861
9.5501
9.51682
9.29736
8.90038
9.29459
8.94654
9.07287
8.76461
8.98625
8.92733
9.4287
9.31137
8.82403
8.89389
9.66529
8.91696
9.19471
8.37424
8.92418
9.37592
9.43843
9.12445
9.21232
8.87341
9.26616
8.79163
8.94487
9.64643
9.11683
9.48439
9.1736
9.16633
9.17272
9.36333
8.77921
8.79032
9.10002
8.89666
8.75015
8.47419
9.17278
8.81167
9.08927
8.95875
9.08459
9.23491
8.93968
9.4739
9.07149
8.95182
9.1121
8.97879
9.15736
9.18614
9.08906
9.16061
9.13452
9.1738
9.4645
9.13504
9.09737
9.45342
9.37882
9.28645
8.69053
9.36835
9.45202
9.19322
9.28279
9.40036
9.38553
9.37068
9.15015
8.90169
8.99785
9.44594
9.31994
9.19029
9.37455
9.46806
9.24665
9.81341
9.17746
9.27606
9.43719
9.23233
9.16693
9.02915
9.4013
9.01756
8.91561
9.07224
9.31501
9.07094
9.56756
8.96645
9.11288
8.89844
9.51669
9.03112
9.00031
9.52518
8.87093
9.02497
9.03872
9.04627
9.25754
9.366
9.59976
9.44446
9.32236
9.35693
8.7341
9.15583
9.02399
9.33692
9.10507
8.97666
9.14705
8.97212
8.9682
9.03173
9.46665
9.09886
8.5926
9.15938
9.1888
9.24691
9.28831
9.32909
9.00757
9.1182
9.18792
9.29496
9.52162
9.64976
8.8326
8.55189
9.40255
9.39192
9.29503
9.20914
9.24649
8.91363
9.18107
9.19539
9.05093
9.09861
9.12123
8.93478
8.8466
8.86913
9.33525
9.08381
9.2279
8.98265
9.30051
9.42141
9.0666
9.14169
9.04987
8.91512
9.30863
9.23276
8.84896
9.30461
9.09657
8.92727
9.23563
8.96892
9.1889
8.89141
8.65445
9.04578
8.93755
8.8284
9.0981
9.02548
9.2803
8.86716
9.06848
9.04661
8.91321
8.83157
9.29003
9.05865
9.24316
9.67977
9.10485
8.98883
9.1741
9.00956
9.29387
9.1819
9.0446
9.32774
9.34632
8.95576
8.90403
9.48916
8.90458
8.86951
8.95986
9.13516
8.84042
9.17211
8.96659
9.03304
9.37685
9.46029
9.02782
9.39805
9.13242
8.9603
9.45805
9.1808
9.44644
9.39217
8.97214
8.89169
9.20382
8.77248
8.84852
9.30126
9.09511
9.34999
8.75285
8.86653
9.02688
9.15754
9.33827
8.7332
9.22147
8.87391
9.17408
8.98452
8.95494
9.06175
9.13259
9.08758
8.91337
9.63456
9.04858
9.58485
9.02459
8.57686
9.2399
9.11641
9.10388
8.95844
9.02386
8.89232
9.28097
8.86974
9.12216
9.07838
9.21141
9.31082
8.88334
9.27121
9.00202
9.03453
9.02528
9.11771
9.10471
9.32851
9.33752
9.1805
9.45218
9.33175
8.69463
9.50116
8.64707
9.0235
9.16964
8.75935
8.81542
9.19227
9.07693
9.36649
9.23596
9.09243
9.0275
9.16727
9.10424
9.50109
9.08102
9.44581
9.30934
8.89843
9.23144
9.19111
9.3939
9.29182
9.47314
9.58061
8.85151
9.34911
8.95772
8.8225
9.29525
8.99968
9.02521
9.03379
9.47486
9.20424
9.34541
9.45105
8.82826
9.21908
9.2196
9.01863
9.18499
9.43877
8.9921
9.61492
9.5599
9.17969
9.47321
8.98689
9.0466
9.1413
8.91209
9.13453
9.28839
8.72267
9.06025
9.20176
9.15373
9.37849
9.2986
9.13487
8.98456
9.50115
8.71864
8.96779
9.19528
9.12258
9.28343
8.83581
9.1431
9.36704
9.43283
9.30352
9.14756
8.93651
9.2782
8.96395
8.84138
9.30921
9.21387
9.10846
8.36121
9.20735
8.75094
9.28482
8.80784
8.84011
9.08265
9.17461
8.51726
9.32959
9.30941
8.94374
9.05376
8.98663
8.87655
8.94221
9.13912
8.86815
8.68644
9.53301
9.1062
9.08826
9.26662
9.04077
9.20271
9.14391
9.1666
9.32153
8.91888
9.48061
9.3513
8.89597
9.38533
9.12193
8.96171
9.26298
9.22496
9.11905
9.02516
9.27209
8.97438
8.83395
9.20932
9.02483
8.44992
9.3835
9.30511
8.66096
9.26865
9.2026
9.17028
9.19872
9.51474
9.20934
9.18221
9.03573
8.90238
9.05187
9.20741
9.19418
8.95687
8.95911
9.44098
9.18893
8.92563
9.18488
9.09206
9.51861
8.61456
9.17634
9.28528
9.11006
9.01321
8.98282
9.40274
8.76759
9.46872
9.37005
9.22202
9.06452
9.26674
9.28787
9.20811
9.26285
8.97234
9.32366
9.0633
8.73754
8.70998
9.17055
9.00135
8.68793
9.5126
8.97737
9.03219
8.61888
9.2261
9.35366
8.95806
8.81264
8.85114
8.83604
9.31952
8.61488
9.11783
8.7356
9.13467
8.87264
8.95147
8.72867
8.67352
9.11122
9.21403
9.43416
9.01807
9.08792
8.8358
9.32975
9.26289
8.97218
9.02177
9.27329
9.36156
9.31286
9.40362
9.52356
9.71409
9.27194
9.36825
9.05012
9.24238
9.75391
9.00006
9.38246
8.95562
9.28254
9.33985
9.15041
9.09509
9.03188
9.2303
8.70486
9.3434
9.03511
9.26932
9.32034
9.04044
8.56172
9.03506
9.18167
8.91712
9.44678
9.09982
9.33707
9.59392
9.13615
9.40128
9.01036
9.38677
9.21307
8.91761
9.13928
9.21638
8.85126
8.95623
8.92848
8.72215
9.95751
9.10346
9.17034
9.35888
8.81963
9.18534
9.16669
9.21773
9.11131
9.16644
9.28155
8.8288
9.01821
9.16507
8.8354
8.91613
9.31342
9.21204
8.98332
9.42066
9.02173
9.22878
9.24289
8.99824
8.68335
8.97892
8.83889
8.69305
8.78845
9.18968
8.76308
9.23053
8.90973
8.82622
9.27401
9.50129
8.94116
8.9926
9.2636
8.97973
8.7618
8.9863
9.23338
9.11643
9.49447
9.09418
9.36251
9.50354
8.83514
9.18288
9.25448
9.26428
9.03625
9.61721
9.29793
8.95106
9.14258
9.03091
9.29029
9.14108
9.08792
9.16635
8.97022
8.90643
9.52454
9.07758
9.1318
9.0137
9.11292
8.81043
9.38937
8.89358
9.20461
9.2214
9.00412
9.42939
9.30494
8.80022
9.2134
9.03115
9.37043
9.49079
9.15266
9.69292
9.44551
9.509
9.32505
8.77921
9.14566
8.7898
9.64521
9.35333
9.24044
8.99148
9.08428
9.12355
9.29421
9.33811
9.45157
9.39198
9.43341
9.12688
8.91386
9.32827
8.65062
9.01009
9.13216
9.48085
9.42498
8.95023
9.3405
9.20018
9.49407
9.34921
9.20739
9.29288
9.09732
9.09005
9.83397
9.48001
9.6779
9.38166
8.92495
9.21299
9.35084
8.77941
8.60804
9.41415
8.82021
8.64127
8.7385
9.04163
9.43574
9.13546
8.76633
9.15964
9.11232
9.20788
9.3474
9.25466
8.92009
8.55308
9.08132
9.04747
8.51878
8.91743
8.83273
9.1835
8.4798
9.15242
8.83561
9.02409
8.97893
8.94211
8.58006
8.94656
8.7596
8.99723
9.1961
9.00116
9.11199
9.25829
8.66275
9.04042
9.05707
9.02771
9.19118
9.19482
9.38722
9.17397
9.53488
9.17323
8.95274
9.36809
8.85308
8.93192
8.89814
9.21956
9.16831
9.60421
9.23929
9.13989
9.09815
9.07479
9.2249
8.74334
9.1823
9.21664
9.35912
8.93369
9.03674
9.20707
9.0416
9.35439
8.84729
9.0365
9.2778
8.7581
9.16135
9.03936
8.77631
9.33392
8.99733
9.31555
9.27933
9.01596
9.0285
9.23264
9.12886
9.22368
9.29749
9.28468
9.34762
9.59318
9.3179
8.95685
9.07815
9.03173
9.40175
8.91928
9.22219
9.20353
9.00659
9.06673
9.14938
9.35213
9.21713
9.23366
8.93825
9.13392
9.30088
9.20586
9.01658
9.0543
9.29421
9.28363
9.32407
8.96479
9.11929
9.31099
9.11645
9.17325
9.4615
9.51091
9.25992
9.31609
8.91043
9.2436
9.38315
9.53162
9.26754
9.07799
9.25964
8.95594
9.1643
8.93963
9.29109
9.20353
9.33086
9.29888
8.91878
9.14851
9.00862
9.03423
9.03213
9.11512
8.89332
9.37233
9.28794
9.28749
9.10218
8.9742
9.60631
9.02962
9.14133
9.2055
8.96883
8.99053
9.1593
9.0825
9.39698
9.12787
9.27422
9.04157
9.0043
9.15362
9.07128
8.97429
9.36772
9.19971
9.5078
9.40068
9.37132
8.9648
8.69096
9.1579
9.14081
9.22048
9.08669
8.5628
9.48506
9.14477
8.86771
9.50033
8.6466
8.96357
9.1238
9.11803
9.32964
9.44773
9.31979
8.97809
8.67872
9.39873
9.08595
9.16835
9.35934
8.94745
9.48075
9.3627
9.24215
9.32465
9.30713
9.03632
9.15698
8.7929
9.26931
9.35843
9.15642
9.38168
9.27746
9.19399
9.48232
9.55485
9.32825
9.05602
9.04295
8.94608
9.10541
8.5469
9.41416
9.05543
9.36053
8.97134
8.79954
9.28656
9.12042
9.21628
9.07072
8.62404
9.12145
9.32038
8.9567
8.93328
9.06196
9.53101
9.18441
9.22607
9.29745
9.84379
9.6893
9.24157
8.94783
9.63077
9.50722
9.57301
9.38777
9.48023
9.55155
9.57835
9.19831
9.22412
9.6125
9.34613
9.08438
9.44122
9.58478
9.03363
9.04416
9.16796
9.29316
9.04522
9.35588
9.64677
8.92675
9.29705
9.0738
9.27311
9.5038
9.27317
9.45789
9.57354
9.36313
9.39548
9.11878
8.63553
8.85104
8.75264
9.42169
9.28507
9.08391
8.77941
9.08533
9.14656
8.99908
9.3306
8.62406
8.61878
8.98534
8.87615
8.93644
9.04519
8.95489
9.07878
8.91942
8.87145
9.15183
8.8384
9.07252
8.72192
8.74626
9.1174
8.99982
9.0567
8.69828
8.9793
9.23634
9.0221
8.99313
8.93988
9.2394
8.96835
9.42471
9.76581
9.15034
9.3484
9.1908
9.33135
9.24519
9.34868
8.996
9.24127
9.29084
9.35183
8.7809
9.41522
9.0576
8.95745
9.09239
9.39241
9.35097
9.02347
9.16025
9.31272
9.15466
9.54994
9.33555
9.26818
9.44585
9.35884
9.62297
9.47338
8.83092
9.46248
9.17228
9.5424
9.13572
8.88295
8.48161
9.21689
9.09021
9.1349
9.29908
9.45188
8.88649
8.51265
8.99658
8.86316
8.88343
8.92689
8.96821
9.13673
9.11152
8.6023
8.60212
9.31986
8.89788
8.87796
8.9335
8.7482
8.6533
9.27458
8.93704
9.19668
9.23979
8.66007
9.20372
9.32532
9.009
8.7619
8.92684
9.40962
9.18122
9.13146
8.79143
8.83765
8.88512
9.19972
8.84319
8.67939
8.83608
8.72816
9.31314
9.02447
9.23354
8.93714
9.32054
9.16032
9.13107
8.61503
9.13722
9.34733
8.93103
9.20837
8.78324
9.39837
9.44753
9.02294
9.13544
9.45705
9.51978
9.53322
9.55073
9.72119
10.0631
9.19879
9.48794
9.34714
9.41986
9.09664
9.1064
9.23161
9.27245
9.46362
9.36546
9.61767
9.41198
9.30331
9.76206
9.30698
9.41277
9.57629
9.01231
9.64834
9.46426
9.53533
9.36171
9.59986
9.43327
9.20769
9.33858
9.19186
9.47471
9.48356
9.40301
8.95357
9.40778
8.96057
9.27176
8.75634
8.82044
9.54625
9.21957
9.43085
9.34498
9.30871
8.97254
9.42739
9.23765
8.86422
9.42057
8.82286
9.0684
9.43715
9.39004
9.42202
9.48201
9.32374
9.60298
9.47037
9.10316
9.19685
8.9846
9.40789
9.39919
9.12387
8.67893
9.08707
8.94293
9.04042
9.18954
9.07717
8.80788
9.04699
9.2413
9.28794
8.91236
9.17692
8.77717
8.80739
9.5703
8.95
8.6476
9.41095
9.04471
9.35923
9.47034
8.78431
9.22669
9.04863
8.84174
9.05791
9.35251
9.06546
8.6813
9.03959
9.11414
9.131
9.34149
8.85147
8.88783
8.92443
9.16576
8.94736
8.99846
9.27347
8.67718
9.0397
9.48514
8.91306
9.28008
8.77882
8.735
9.46988
9.51468
9.3149
9.32979
9.41634
9.23152
9.41101
9.4006
8.85976
9.40608
9.32829
8.90357
9.26954
9.02203
9.22547
9.02275
9.07514
9.35513
9.33037
9.2943
9.17338
9.10022
9.62627
9.19326
8.95066
9.71503
8.91403
9.75672
9.5442
9.27866
9.39979
9.0911
9.39842
9.17838
9.07105
9.06262
9.09207
8.74172
9.18463
9.26699
8.75541
9.21205
9.14313
8.96939
9.14742
9.2138
9.3338
9.28713
9.802
9.17267
9.16582
9.22178
9.2538
8.93958
9.31282
8.96623
9.09496
9.23433
9.3175
8.924
9.03891
9.3136
9.49091
9.30574
9.41653
9.19569
9.26536
9.16211
9.32543
9.13159
9.19195
9.44472
9.1053
9.38729
9.18268
9.13407
9.55273
8.88579
9.22926
9.29123
9.30639
9.59381
9.43265
9.38922
9.30421
9.19722
9.2905
9.32786
9.36707
9.55415
9.34011
9.28162
9.12908
9.10878
9.44191
9.48644
9.05332
9.39711
9.26512
9.7382
9.56233
8.96766
9.38283
9.38344
9.27879
9.29115
9.05225
9.39218
9.21925
9.0009
9.47197
9.29867
9.34769
8.90285
9.4887
9.05215
8.98114
9.11304
8.84042
8.78752
9.22102
8.72782
9.07026
9.27063
8.78772
9.36364
8.83347
8.9364
9.27742
8.58702
9.07075
8.84686
8.71781
8.85325
9.19962
9.21253
9.27602
9.1604
8.74034
9.1319
8.34478
8.50101
8.86459
8.78415
9.02294
8.91093
8.92363
9.19243
9.3524
8.8039
8.9559
9.16525
9.06212
9.04197
9.26886
9.17783
9.21297
9.11586
9.34649
9.23163
9.1684
8.90654
9.14054
9.31581
8.80546
9.29484
8.97356
9.19762
9.42311
9.27841
9.12931
9.45226
9.01726
9.25483
8.89295
8.86555
9.1638
9.15648
9.28073
9.16414
9.54288
9.19617
8.95577
9.05314
8.61385
9.04383
9.1095
9.26879
9.51328
9.27896
9.1955
9.47729
9.25429
8.57534
8.89067
9.08864
8.9179
8.99148
9.04902
9.26637
8.86826
8.91919
9.23032
9.08273
8.87678
9.11004
8.66034
9.12405
9.29403
8.88429
8.90866
9.18625
9.30642
9.25836
9.15342
9.26988
9.41134
8.93818
9.11784
8.99935
9.72154
9.14783
9.06757
9.17242
9.55819
9.2948
9.60579
8.81638
9.51992
8.64125
9.09376
9.06416
9.03248
8.93833
9.35854
8.68413
8.75204
8.8422
9.15238
8.79746
8.99977
9.14793
9.1536
9.38015
9.06682
9.02082
9.00276
9.1003
9.09742
9.40412
9.16002
8.68551
8.98571
9.52186
8.55281
9.10986
9.12123
9.4109
9.57563
9.31709
9.04573
9.15946
8.89312
8.75197
9.35221
9.00107
8.64141
9.05939
9.18977
8.87308
9.28616
9.02611
8.80408
8.93803
9.1093
8.9731
8.9411
9.34893
9.32658
9.57741
9.22988
9.27779
9.62715
9.27853
9.18673
8.97351
9.18902
9.37149
9.33733
8.77558
8.9816
9.01859
9.09447
8.71196
9.06989
9.22934
9.02443
9.09197
9.08567
8.52346
9.21257
9.43239
9.2091
9.074
9.23643
9.20546
9.0677
9.39329
8.88811
9.15488
9.13633
9.07391
8.86165
9.00882
9.01917
8.58956
9.21047
9.12953
9.35818
9.25589
9.15659
9.16511
9.11142
9.28354
9.70437
9.23417
9.55276
8.45912
9.1579
8.42571
9.09376
8.87075
9.00529
9.37522
9.26796
8.9233
9.25526
9.25441
9.05104
9.14875
9.30864
8.76246
9.37288
9.26291
8.85402
8.97375
8.99926
9.57093
9.21459
8.90635
9.31394
9.25533
9.60043
9.44868
9.1106
9.31301
8.96934
9.21497
8.95555
8.85999
9.03903
9.06024
9.14718
9.01662
9.39304
9.13561
9.47026
9.03
9.69116
8.87838
9.33577
8.95749
9.01408
9.23261
9.14882
9.68959
9.35345
8.81432
9.41451
9.15987
9.24907
8.67147
